102 0.9 3240
AutoDock 1800 0
AutoDock 1800 0
AutoDock 1800 0
AutoDock 1800 0
AutoDock 1800 0
AutoDock 1800 0
AutoDock 1800 0
AutoDock 1800 0
AutoDock 1800 0
AutoDock 1800 0
AutoDock 1800 0
AutoDock 1800 0
AutoDock 1800 0
AutoDock 1800 0
AutoDock 1800 0
AutoDock 1800 0
AutoDock 1800 0
AutoDock 1800 0
AutoDock 1800 0
AutoDock 1800 0
AutoDock 1800 0
AutoDock 1800 0
AutoDock 1800 0
AutoDock 1800 0
AutoDock 1800 0
AutoDock 1800 0
AutoDock 1800 0
AutoDock 1800 0
AutoDock 1800 0
AutoDock 1800 0
AutoDock 1800 0
AutoDock 1800 0
AutoDock 1800 0
AutoDock 1800 0
AutoDock 1800 0
AutoDock 1800 0
AutoDock 1800 0
AutoDock 1800 0
AutoDock 1800 0
AutoDock 1800 0
AutoDock 1800 0
AutoDock 1800 0
AutoDock 1800 0
AutoDock 1800 0
AutoDock 1800 0
AutoDock 1800 0
AutoDock 1800 0
AutoDock 1800 0
AutoDock 1800 0
AutoDock 1800 0
AutoDock 1800 0
AutoDock 1800 0
AutoDock 1800 0
AutoDock 1800 0
PrepareGPF 120 1 79 1024
AutoDock 1800 0
AutoDock 1800 0
AutoDock 1800 0
AutoDock 1800 0
AutoDock 1800 0
AutoDock 1800 0
AutoDock 1800 0
AutoDock 1800 0
AutoDock 1800 0
AutoDock 1800 0
AutoDock 1800 0
AutoDock 1800 0
AutoDock 1800 0
AutoDock 1800 0
AutoDock 1800 0
AutoDock 1800 0
AutoDock 1800 0
AutoDock 1800 0
AutoDock 1800 0
AutoDock 1800 0
AutoDock 1800 0
AutoDock 1800 0
AutoDock 1800 0
AutoDock 1800 0
AutoGrid 240 100 0 7864320 1 7864320 2 7864320 3 7864320 4 7864320 5 7864320 6 7864320 7 7864320 8 7864320 9 7864320 10 7864320 11 7864320 12 7864320 13 7864320 14 7864320 15 7864320 16 7864320 17 7864320 18 7864320 19 7864320 20 7864320 21 7864320 22 7864320 23 7864320 24 7864320 25 7864320 26 7864320 27 7864320 28 7864320 29 7864320 30 7864320 31 7864320 32 7864320 33 7864320 34 7864320 35 7864320 36 7864320 37 7864320 38 7864320 39 7864320 40 7864320 41 7864320 42 7864320 43 7864320 44 7864320 45 7864320 46 7864320 47 7864320 48 7864320 49 7864320 50 7864320 51 7864320 52 7864320 53 7864320 55 7864320 56 7864320 57 7864320 58 7864320 59 7864320 60 7864320 61 7864320 62 7864320 63 7864320 64 7864320 65 7864320 66 7864320 67 7864320 68 7864320 69 7864320 70 7864320 71 7864320 72 7864320 73 7864320 74 7864320 75 7864320 76 7864320 77 7864320 78 7864320 80 7864320 81 7864320 82 7864320 83 7864320 84 7864320 85 7864320 86 7864320 87 7864320 88 7864320 89 7864320 90 7864320 91 7864320 92 7864320 93 7864320 94 7864320 95 7864320 96 7864320 97 7864320 98 7864320 99 7864320 100 7864320 101 7864320
AutoDock 1800 0
AutoDock 1800 0
AutoDock 1800 0
AutoDock 1800 0
AutoDock 1800 0
AutoDock 1800 0
AutoDock 1800 0
AutoDock 1800 0
AutoDock 1800 0
AutoDock 1800 0
AutoDock 1800 0
AutoDock 1800 0
AutoDock 1800 0
AutoDock 1800 0
AutoDock 1800 0
AutoDock 1800 0
AutoDock 1800 0
AutoDock 1800 0
AutoDock 1800 0
AutoDock 1800 0
AutoDock 1800 0
AutoDock 1800 0
