47 0.9 11592.36
fastqSplit_chr21 44.45 5 2 53013502 3 60517074 4 50190916 5 63609468 6 47560918
fastqSplit_chr21 28.3 5 7 64514218 8 62211154 9 56954770 10 69298438 11 55365498
filterContams_chr21 5.48 1 12 26766225
filterContams_chr21 11.18 1 13 31435696
filterContams_chr21 9.13 1 14 24389558
filterContams_chr21 5.82 1 15 32492630
filterContams_chr21 4.22 1 16 24322099
filterContams_chr21 11.17 1 17 31760803
filterContams_chr21 8.67 1 18 30162704
filterContams_chr21 8.72 1 19 29503201
filterContams_chr21 11.09 1 20 35985276
filterContams_chr21 5.68 1 21 27300524
sol2sanger_chr21 1.23 1 22 31485732
sol2sanger_chr21 1.45 1 23 19360124
sol2sanger_chr21 1.89 1 24 28900068
sol2sanger_chr21 1.71 1 25 20463079
sol2sanger_chr21 1.58 1 26 17114895
sol2sanger_chr21 2.24 1 27 22147101
sol2sanger_chr21 2.59 1 28 18718589
sol2sanger_chr21 2.4 1 29 16402200
sol2sanger_chr21 1.68 1 30 32493521
sol2sanger_chr21 1.82 1 31 38769832
fastq2bfq_chr21 3.37 1 32 7132142
fastq2bfq_chr21 2.54 1 33 5610313
fastq2bfq_chr21 3.57 1 34 6763955
fastq2bfq_chr21 3.1 1 35 4723551
fastq2bfq_chr21 3.17 1 36 3951099
fastq2bfq_chr21 3 1 37 5060722
fastq2bfq_chr21 2.45 1 38 5365544
fastq2bfq_chr21 2.36 1 39 4265916
fastq2bfq_chr21 5.23 1 40 7601867
fastq2bfq_chr21 5.51 1 41 9783058
map_chr21 4560.56 1 42 7752328
map_chr21 4488.47 1 42 6098166
map_chr21 3730.73 1 42 7352125
map_chr21 4700.76 1 42 5134294
map_chr21 4269.66 1 42 4294672
map_chr21 2701.07 1 43 5500784
map_chr21 3780.17 1 43 5832113
map_chr21 2322.34 1 43 4636865
map_chr21 6007.38 1 43 8262898
map_chr21 2946.16 1 43 10633758
mapMerge_chr21 13.12 1 44 28897721
mapMerge_chr21 15.02 1 44 32892847
mapMerge_chr21 25.53 1 45 58292988
maqindex_chr21 0.05 1 46 793749
pileup_chr21 1633.96 0
