997 0.9 51066.16500000001
fastqSplit_chr21 56.92 35 7 11152690 8 12054908 9 8787703 10 11239917 11 15316109 12 10805834 13 5760224 14 11372012 15 10063591 16 18138537 17 9637842 18 3836743 19 22352845 20 8544122 21 10727799 22 7388049 23 6907890 24 20450294 25 12369327 26 13280520 27 13501168 28 1 29 32581406 30 6097105 31 1 32 15832222 33 5025228 34 30013454 35 22040580 36 1 37 23725871 38 12331582 39 14447468 40 686546 41 13747416
fastqSplit_chr21 26.02 35 42 6960445 43 7112244 44 7880285 45 5998099 46 9129667 47 7737335 48 6139476 49 10358472 50 3222705 51 8924288 52 10742492 53 2999551 54 10480859 55 7020030 56 360411 57 12249774 58 4240019 59 11995170 60 964145 61 8716675 62 3776638 63 8567308 64 19224655 65 1 66 17724951 67 1 68 9732442 69 11530121 70 9706327 71 1 72 18993245 73 1 74 667027 75 6139033 76 17638604
fastqSplit_chr21 72.32 35 77 10737316 78 9748655 79 11648970 80 9997244 81 11373738 82 12088966 83 6278186 84 15472670 85 3907246 86 14720891 87 7583550 88 8889899 89 20617758 90 10554860 91 6226394 92 6608670 93 15353292 94 13098966 95 4272835 96 21339002 97 1710992 98 2716788 99 18831096 100 10330557 101 2495744 102 23446002 103 20368627 104 1 105 22660606 106 1798803 107 23619367 108 17290439 109 1 110 4774654 111 24925133
fastqSplit_chr21 32.78 35 112 6685679 113 6711583 114 6935398 115 4273108 116 8796732 117 5164148 118 5473290 119 9888483 120 6146620 121 2549052 122 7081756 123 7776066 124 8704165 125 5990768 126 89374 127 12643325 128 3095551 129 8358372 130 2783890 131 15297750 132 1 133 14676331 134 7147169 135 1 136 4485464 137 13006400 138 8386835 139 4598458 140 11295630 141 1 142 16421272 143 9057977 144 3830352 145 4629842 146 3227796
fastqSplit_chr21 70.96 35 147 12384271 148 12588949 149 13879093 150 13770960 151 11874957 152 10478865 153 16171468 154 15411355 155 8754533 156 8739391 157 17305122 158 8360934 159 23412312 160 9970748 161 9176943 162 21080501 163 10789958 164 13704541 165 15597337 166 2060192 167 19802255 168 73159 169 13348695 170 9737546 171 26295947 172 22941268 173 777358 174 19659976 175 25188256 176 1 177 10369660 178 14334936 179 23045327 180 1 181 20374104
fastqSplit_chr21 67.63 35 182 13295635 183 13256541 184 15105683 185 12889663 186 15900818 187 10671690 188 10650427 189 16430217 190 16008437 191 7511676 192 21465491 193 10836155 194 12661606 195 20285639 196 5703074 197 16486927 198 13847979 199 19871853 200 1923820 201 27750031 202 15217109 203 1 204 6761937 205 30951230 206 1 207 36544107 208 1707123 209 26546300 210 3439086 211 7355344 212 22945946 213 18395876 214 14389111 215 1 216 28809051
fastqSplit_chr21 55.07 35 217 11465900 218 11433597 219 10858324 220 10865317 221 13211222 222 10855696 223 14293063 224 10383202 225 14219030 226 8280740 227 12615293 228 7537322 229 21229058 230 9263072 231 3346095 232 9710619 233 12793113 234 17265447 235 7917983 236 23811878 237 226845 238 23069265 239 12981622 240 5479264 241 18565343 242 10647828 243 9473132 244 1 245 8195589 246 10695372 247 13727603 248 43502063 249 1163739 250 17849120 251 1
filterContams_chr21 1.3 1 252 5614382
filterContams_chr21 2.53 1 253 6249743
filterContams_chr21 1.4 1 254 4461698
filterContams_chr21 1.59 1 255 5410304
filterContams_chr21 1.88 1 256 7428660
filterContams_chr21 1.58 1 257 5654914
filterContams_chr21 1.14 1 258 2759107
filterContams_chr21 1.87 1 259 5570621
filterContams_chr21 0.84 1 260 4844486
filterContams_chr21 3.99 1 261 9194388
filterContams_chr21 1.04 1 262 4782511
filterContams_chr21 0.42 1 263 1944160
filterContams_chr21 1.89 1 264 11668296
filterContams_chr21 1.18 1 265 4382351
filterContams_chr21 0.94 1 266 5413848
filterContams_chr21 1.03 1 267 3541166
filterContams_chr21 1.25 1 268 3470982
filterContams_chr21 1.88 1 269 10027400
filterContams_chr21 1.74 1 270 6115219
filterContams_chr21 1.32 1 271 6793973
filterContams_chr21 1.54 1 272 6858431
filterContams_chr21 -1.03 1 273 1
filterContams_chr21 4.07 1 274 16239604
filterContams_chr21 0.55 1 275 2973654
filterContams_chr21 -1 1 276 1
filterContams_chr21 2.46 1 277 7755613
filterContams_chr21 0.58 1 278 2426182
filterContams_chr21 4.24 1 279 14860801
filterContams_chr21 2.77 1 280 11564105
filterContams_chr21 -1.64 1 281 1
filterContams_chr21 1.99 1 282 12455602
filterContams_chr21 2.32 1 283 6065314
filterContams_chr21 2.88 1 284 7526116
filterContams_chr21 0.07 1 285 340483
filterContams_chr21 1.61 1 286 7200167
filterContams_chr21 1.09 1 287 3627562
filterContams_chr21 0.86 1 288 3642708
filterContams_chr21 0.99 1 289 3959113
filterContams_chr21 0.53 1 290 3128511
filterContams_chr21 0.82 1 291 4397351
filterContams_chr21 0.62 1 292 3735303
filterContams_chr21 0.58 1 293 3122674
filterContams_chr21 0.89 1 294 5140457
filterContams_chr21 0.48 1 295 1668307
filterContams_chr21 1.08 1 296 4604923
filterContams_chr21 1.85 1 297 5293816
filterContams_chr21 0.34 1 298 1572362
filterContams_chr21 1.96 1 299 4997364
filterContams_chr21 0.61 1 300 3378293
filterContams_chr21 0.04 1 301 187763
filterContams_chr21 1.16 1 302 6095181
filterContams_chr21 0.44 1 303 2017077
filterContams_chr21 1.88 1 304 6084688
filterContams_chr21 0.18 1 305 490321
filterContams_chr21 0.75 1 306 4518055
filterContams_chr21 0.44 1 307 1925857
filterContams_chr21 1.33 1 308 4447188
filterContams_chr21 4.1 1 309 9601298
filterContams_chr21 -0.24 1 310 1
filterContams_chr21 1.73 1 311 8615494
filterContams_chr21 -0.48 1 312 1
filterContams_chr21 1.12 1 313 4939524
filterContams_chr21 1.52 1 314 5623311
filterContams_chr21 0.93 1 315 4771460
filterContams_chr21 -0.31 1 316 1
filterContams_chr21 2.13 1 317 9865973
filterContams_chr21 -0.39 1 318 1
filterContams_chr21 0.11 1 319 350129
filterContams_chr21 0.5 1 320 3168332
filterContams_chr21 2.67 1 321 9045838
filterContams_chr21 1.14 1 322 5471037
filterContams_chr21 1.16 1 323 4731376
filterContams_chr21 1.29 1 324 6093700
filterContams_chr21 0.9 1 325 5240300
filterContams_chr21 1.68 1 326 5581170
filterContams_chr21 1.66 1 327 6173710
filterContams_chr21 1.47 1 328 3027836
filterContams_chr21 1.38 1 329 7533760
filterContams_chr21 0.42 1 330 1876779
filterContams_chr21 3.36 1 331 7554152
filterContams_chr21 0.86 1 332 3802691
filterContams_chr21 0.79 1 333 4323863
filterContams_chr21 2.19 1 334 10510887
filterContams_chr21 1.21 1 335 5388576
filterContams_chr21 1.46 1 336 3096532
filterContams_chr21 0.79 1 337 3220906
filterContams_chr21 2.29 1 338 7936328
filterContams_chr21 3.05 1 339 6745090
filterContams_chr21 0.65 1 340 2073053
filterContams_chr21 2.8 1 341 10817181
filterContams_chr21 0.18 1 342 895646
filterContams_chr21 0.39 1 343 1304305
filterContams_chr21 1.8 1 344 9474314
filterContams_chr21 1.78 1 345 5381226
filterContams_chr21 0.39 1 346 1261324
filterContams_chr21 1.9 1 347 12302785
filterContams_chr21 4.35 1 348 10056384
filterContams_chr21 -1.17 1 349 1
filterContams_chr21 2.07 1 350 11698771
filterContams_chr21 0.27 1 351 869671
filterContams_chr21 4.92 1 352 11248220
filterContams_chr21 3.07 1 353 8515617
filterContams_chr21 -1.27 1 354 1
filterContams_chr21 0.61 1 355 2394536
filterContams_chr21 2.83 1 356 12928311
filterContams_chr21 0.59 1 357 3233894
filterContams_chr21 0.56 1 358 3405789
filterContams_chr21 1.63 1 359 3398742
filterContams_chr21 0.56 1 360 2059835
filterContams_chr21 1.35 1 361 4408411
filterContams_chr21 0.58 1 362 2624401
filterContams_chr21 0.97 1 363 2699002
filterContams_chr21 1.23 1 364 5075751
filterContams_chr21 0.61 1 365 3079795
filterContams_chr21 0.29 1 366 1295031
filterContams_chr21 0.73 1 367 3653744
filterContams_chr21 0.72 1 368 3763626
filterContams_chr21 0.71 1 369 4376770
filterContams_chr21 0.52 1 370 2921667
filterContams_chr21 0.01 1 371 45768
filterContams_chr21 1.44 1 372 6571804
filterContams_chr21 0.39 1 373 1481610
filterContams_chr21 1.14 1 374 4184683
filterContams_chr21 0.5 1 375 1341397
filterContams_chr21 2.31 1 376 7492988
filterContams_chr21 -0.69 1 377 1
filterContams_chr21 3.34 1 378 7418714
filterContams_chr21 0.72 1 379 3578888
filterContams_chr21 -0.16 1 380 1
filterContams_chr21 0.54 1 381 2297800
filterContams_chr21 2.02 1 382 6313110
filterContams_chr21 1.94 1 383 4282202
filterContams_chr21 0.66 1 384 2238377
filterContams_chr21 2.44 1 385 5917007
filterContams_chr21 -0.32 1 386 1
filterContams_chr21 2.59 1 387 7892062
filterContams_chr21 0.93 1 388 4673621
filterContams_chr21 0.4 1 389 1943107
filterContams_chr21 0.72 1 390 2268300
filterContams_chr21 0.47 1 391 1622389
filterContams_chr21 1.11 1 392 6494875
filterContams_chr21 1.29 1 393 6208955
filterContams_chr21 1.63 1 394 6837149
filterContams_chr21 2.35 1 395 6740976
filterContams_chr21 2.33 1 396 5781873
filterContams_chr21 1.41 1 397 5424558
filterContams_chr21 2.7 1 398 8319814
filterContams_chr21 1.86 1 399 7738238
filterContams_chr21 1.31 1 400 4578709
filterContams_chr21 1.28 1 401 4227604
filterContams_chr21 3.11 1 402 8961897
filterContams_chr21 1.21 1 403 4145417
filterContams_chr21 5.41 1 404 11338672
filterContams_chr21 1.06 1 405 5073548
filterContams_chr21 1.08 1 406 4796871
filterContams_chr21 2.6 1 407 10780598
filterContams_chr21 2.12 1 408 5265588
filterContams_chr21 2.02 1 409 6775268
filterContams_chr21 1.39 1 410 7486621
filterContams_chr21 0.21 1 411 984122
filterContams_chr21 4.31 1 412 10217216
filterContams_chr21 0.01 1 413 37863
filterContams_chr21 1.41 1 414 6634088
filterContams_chr21 0.89 1 415 4938923
filterContams_chr21 2.7 1 416 13415508
filterContams_chr21 3.88 1 417 11460430
filterContams_chr21 0.11 1 418 381616
filterContams_chr21 2.46 1 419 9699074
filterContams_chr21 2.46 1 420 12690474
filterContams_chr21 -0.17 1 421 1
filterContams_chr21 0.86 1 422 5371153
filterContams_chr21 1.47 1 423 7499878
filterContams_chr21 2.49 1 424 11781051
filterContams_chr21 -0.57 1 425 1
filterContams_chr21 3.07 1 426 9726735
filterContams_chr21 1.76 1 427 6352982
filterContams_chr21 1.39 1 428 6352903
filterContams_chr21 1.73 1 429 7278350
filterContams_chr21 1.93 1 430 6561821
filterContams_chr21 2.19 1 431 7925506
filterContams_chr21 1.25 1 432 5457014
filterContams_chr21 1.71 1 433 5467917
filterContams_chr21 1.45 1 434 8203520
filterContams_chr21 1.81 1 435 8363082
filterContams_chr21 1.16 1 436 3649840
filterContams_chr21 2.06 1 437 10615477
filterContams_chr21 0.98 1 438 5491609
filterContams_chr21 1.12 1 439 6348627
filterContams_chr21 3.04 1 440 9942327
filterContams_chr21 0.74 1 441 2805778
filterContams_chr21 1.76 1 442 8090297
filterContams_chr21 3.11 1 443 6599075
filterContams_chr21 3.17 1 444 10116253
filterContams_chr21 0.16 1 445 1005624
filterContams_chr21 4.07 1 446 13198863
filterContams_chr21 1.44 1 447 7362457
filterContams_chr21 -0.57 1 448 1
filterContams_chr21 0.64 1 449 3288514
filterContams_chr21 4.47 1 450 15135431
filterContams_chr21 -0.53 1 451 1
filterContams_chr21 4.04 1 452 18937764
filterContams_chr21 0.24 1 453 882101
filterContams_chr21 2.21 1 454 12926240
filterContams_chr21 0.49 1 455 1702467
filterContams_chr21 0.99 1 456 3730950
filterContams_chr21 3.11 1 457 11645269
filterContams_chr21 3.42 1 458 9055196
filterContams_chr21 1.36 1 459 7404552
filterContams_chr21 -0.64 1 460 1
filterContams_chr21 2.83 1 461 13767880
filterContams_chr21 2.52 1 462 5757415
filterContams_chr21 1.31 1 463 5769002
filterContams_chr21 1.06 1 464 5560079
filterContams_chr21 1.9 1 465 5682571
filterContams_chr21 2.31 1 466 6315642
filterContams_chr21 1.33 1 467 5328686
filterContams_chr21 1.35 1 468 7339772
filterContams_chr21 1.25 1 469 5211796
filterContams_chr21 1.38 1 470 7253659
filterContams_chr21 0.87 1 471 4056910
filterContams_chr21 1.36 1 472 6155697
filterContams_chr21 0.73 1 473 3813320
filterContams_chr21 2.69 1 474 11084841
filterContams_chr21 1.44 1 475 4443467
filterContams_chr21 0.33 1 476 1714241
filterContams_chr21 0.89 1 477 4883903
filterContams_chr21 1.31 1 478 6657632
filterContams_chr21 1.79 1 479 8366894
filterContams_chr21 0.63 1 480 4020428
filterContams_chr21 2.4 1 481 12008685
filterContams_chr21 0.05 1 482 109203
filterContams_chr21 2.8 1 483 11151145
filterContams_chr21 1.36 1 484 6462138
filterContams_chr21 0.59 1 485 2797162
filterContams_chr21 2.49 1 486 9499221
filterContams_chr21 2.38 1 487 5416310
filterContams_chr21 1.07 1 488 4600490
filterContams_chr21 -1.07 1 489 1
filterContams_chr21 0.92 1 490 4097076
filterContams_chr21 1.28 1 491 5419057
filterContams_chr21 1.87 1 492 7094589
filterContams_chr21 5.03 1 493 20949152
filterContams_chr21 0.12 1 494 564725
filterContams_chr21 1.77 1 495 9027981
filterContams_chr21 -0.39 1 496 1
sol2sanger_chr21 0.52 1 497 3786979
sol2sanger_chr21 0.37 1 498 3337318
sol2sanger_chr21 0.35 1 499 3298670
sol2sanger_chr21 0.67 1 500 3512513
sol2sanger_chr21 0.4 1 501 4796276
sol2sanger_chr21 0.42 1 502 3544676
sol2sanger_chr21 0.17 1 503 2250991
sol2sanger_chr21 0.43 1 504 4280362
sol2sanger_chr21 0.3 1 505 4067608
sol2sanger_chr21 0.47 1 506 8085543
sol2sanger_chr21 0.32 1 507 3393844
sol2sanger_chr21 0.11 1 508 1001476
sol2sanger_chr21 0.67 1 509 7881599
sol2sanger_chr21 0.33 1 510 2444306
sol2sanger_chr21 0.46 1 511 3684600
sol2sanger_chr21 0.4 1 512 2621776
sol2sanger_chr21 0.18 1 513 3519818
sol2sanger_chr21 0.64 1 514 8449100
sol2sanger_chr21 0.38 1 515 4865448
sol2sanger_chr21 0.37 1 516 3543093
sol2sanger_chr21 0.38 1 517 4939263
sol2sanger_chr21 -0.24 1 518 1
sol2sanger_chr21 0.73 1 519 14963978
sol2sanger_chr21 0.16 1 520 3194225
sol2sanger_chr21 -0.51 1 521 1
sol2sanger_chr21 0.48 1 522 9445243
sol2sanger_chr21 0.16 1 523 2220001
sol2sanger_chr21 1.25 1 524 15164259
sol2sanger_chr21 0.68 1 525 8142284
sol2sanger_chr21 -0.47 1 526 1
sol2sanger_chr21 1.03 1 527 6733151
sol2sanger_chr21 0.34 1 528 4078193
sol2sanger_chr21 0.39 1 529 6733148
sol2sanger_chr21 0.03 1 530 214569
sol2sanger_chr21 0.43 1 531 10474488
sol2sanger_chr21 0.23 1 532 2299758
sol2sanger_chr21 0.29 1 533 3127287
sol2sanger_chr21 0.29 1 534 3143520
sol2sanger_chr21 0.22 1 535 2672794
sol2sanger_chr21 0.33 1 536 2274930
sol2sanger_chr21 0.19 1 537 2708204
sol2sanger_chr21 0.31 1 538 1892593
sol2sanger_chr21 0.34 1 539 7318888
sol2sanger_chr21 0.11 1 540 1585471
sol2sanger_chr21 0.3 1 541 3375154
sol2sanger_chr21 0.33 1 542 2981952
sol2sanger_chr21 0.08 1 543 825739
sol2sanger_chr21 0.31 1 544 4175484
sol2sanger_chr21 0.24 1 545 2228155
sol2sanger_chr21 0.02 1 546 118917
sol2sanger_chr21 0.38 1 547 3794113
sol2sanger_chr21 0.13 1 548 1648677
sol2sanger_chr21 0.48 1 549 3422431
sol2sanger_chr21 0.02 1 550 354153
sol2sanger_chr21 0.25 1 551 2983510
sol2sanger_chr21 0.1 1 552 1712192
sol2sanger_chr21 0.27 1 553 5045234
sol2sanger_chr21 1.11 1 554 5165906
sol2sanger_chr21 -0.08 1 555 1
sol2sanger_chr21 0.61 1 556 4750692
sol2sanger_chr21 -0.14 1 557 1
sol2sanger_chr21 0.29 1 558 6682023
sol2sanger_chr21 0.41 1 559 3118365
sol2sanger_chr21 0.28 1 560 2907365
sol2sanger_chr21 -0.05 1 561 1
sol2sanger_chr21 0.65 1 562 9668079
sol2sanger_chr21 -0.1 1 563 1
sol2sanger_chr21 0.02 1 564 274032
sol2sanger_chr21 0.21 1 565 2317848
sol2sanger_chr21 0.71 1 566 5413514
sol2sanger_chr21 0.3 1 567 3807345
sol2sanger_chr21 0.25 1 568 3987373
sol2sanger_chr21 0.38 1 569 4191843
sol2sanger_chr21 0.47 1 570 3009951
sol2sanger_chr21 0.54 1 571 4324670
sol2sanger_chr21 0.71 1 572 5572778
sol2sanger_chr21 0.19 1 573 2424640
sol2sanger_chr21 0.75 1 574 6445910
sol2sanger_chr21 0.13 1 575 1840929
sol2sanger_chr21 0.63 1 576 5217217
sol2sanger_chr21 0.33 1 577 3312587
sol2sanger_chr21 0.33 1 578 2815729
sol2sanger_chr21 0.59 1 579 10012453
sol2sanger_chr21 0.44 1 580 3009949
sol2sanger_chr21 0.2 1 581 2258098
sol2sanger_chr21 0.24 1 582 1807534
sol2sanger_chr21 0.61 1 583 5964719
sol2sanger_chr21 0.47 1 584 4499318
sol2sanger_chr21 0.11 1 585 2163524
sol2sanger_chr21 0.62 1 586 10218149
sol2sanger_chr21 0.05 1 587 709002
sol2sanger_chr21 0.08 1 588 924662
sol2sanger_chr21 0.58 1 589 7947287
sol2sanger_chr21 0.31 1 590 5255333
sol2sanger_chr21 0.12 1 591 1354422
sol2sanger_chr21 0.89 1 592 8109430
sol2sanger_chr21 0.69 1 593 6948562
sol2sanger_chr21 -0.3 1 594 1
sol2sanger_chr21 0.87 1 595 10719643
sol2sanger_chr21 0.05 1 596 665720
sol2sanger_chr21 0.98 1 597 9670818
sol2sanger_chr21 0.61 1 598 7319104
sol2sanger_chr21 -0.49 1 599 1
sol2sanger_chr21 0.22 1 600 1345423
sol2sanger_chr21 0.73 1 601 13798368
sol2sanger_chr21 0.19 1 602 2101849
sol2sanger_chr21 0.2 1 603 2325115
sol2sanger_chr21 0.17 1 604 2036808
sol2sanger_chr21 0.11 1 605 1254084
sol2sanger_chr21 0.25 1 606 2348200
sol2sanger_chr21 0.19 1 607 2096359
sol2sanger_chr21 0.19 1 608 1700419
sol2sanger_chr21 0.3 1 609 3635164
sol2sanger_chr21 0.18 1 610 3225284
sol2sanger_chr21 0.08 1 611 937643
sol2sanger_chr21 0.26 1 612 2580633
sol2sanger_chr21 0.22 1 613 2798387
sol2sanger_chr21 0.31 1 614 3245643
sol2sanger_chr21 0.2 1 615 1735130
sol2sanger_chr21 0 1 616 35853
sol2sanger_chr21 0.44 1 617 4591571
sol2sanger_chr21 0.18 1 618 1182121
sol2sanger_chr21 0.22 1 619 3563038
sol2sanger_chr21 0.09 1 620 1182319
sol2sanger_chr21 0.8 1 621 6621609
sol2sanger_chr21 -0.14 1 622 1
sol2sanger_chr21 0.79 1 623 5059073
sol2sanger_chr21 0.21 1 624 2952908
sol2sanger_chr21 -0.04 1 625 1
sol2sanger_chr21 0.21 1 626 1239949
sol2sanger_chr21 0.55 1 627 5887013
sol2sanger_chr21 0.38 1 628 3066672
sol2sanger_chr21 0.16 1 629 1474268
sol2sanger_chr21 0.35 1 630 3223353
sol2sanger_chr21 -0.16 1 631 1
sol2sanger_chr21 0.48 1 632 4568074
sol2sanger_chr21 0.33 1 633 3333926
sol2sanger_chr21 0.11 1 634 1425554
sol2sanger_chr21 0.18 1 635 1620764
sol2sanger_chr21 0.1 1 636 1232101
sol2sanger_chr21 0.55 1 637 4560839
sol2sanger_chr21 0.43 1 638 4606098
sol2sanger_chr21 0.68 1 639 5856061
sol2sanger_chr21 0.63 1 640 5325225
sol2sanger_chr21 0.39 1 641 3855555
sol2sanger_chr21 0.27 1 642 3421890
sol2sanger_chr21 0.93 1 643 6067014
sol2sanger_chr21 0.59 1 644 7515944
sol2sanger_chr21 0.43 1 645 5652012
sol2sanger_chr21 0.2 1 646 3080105
sol2sanger_chr21 0.7 1 647 7311012
sol2sanger_chr21 0.55 1 648 3394514
sol2sanger_chr21 0.68 1 649 13641061
sol2sanger_chr21 0.24 1 650 4062658
sol2sanger_chr21 0.28 1 651 2851448
sol2sanger_chr21 0.98 1 652 5991356
sol2sanger_chr21 0.31 1 653 3837690
sol2sanger_chr21 0.47 1 654 7114022
sol2sanger_chr21 0.6 1 655 8033669
sol2sanger_chr21 0.06 1 656 690299
sol2sanger_chr21 0.57 1 657 8245126
sol2sanger_chr21 0 1 658 24275
sol2sanger_chr21 0.44 1 659 5996978
sol2sanger_chr21 0.38 1 660 7409373
sol2sanger_chr21 1.18 1 661 13897878
sol2sanger_chr21 0.87 1 662 10616547
sol2sanger_chr21 0.03 1 663 254699
sol2sanger_chr21 0.64 1 664 8847761
sol2sanger_chr21 0.9 1 665 10787720
sol2sanger_chr21 -0.03 1 666 1
sol2sanger_chr21 0.27 1 667 3366935
sol2sanger_chr21 0.41 1 668 7342077
sol2sanger_chr21 0.72 1 669 7308888
sol2sanger_chr21 -0.25 1 670 1
sol2sanger_chr21 1.03 1 671 6716127
sol2sanger_chr21 0.5 1 672 4034089
sol2sanger_chr21 0.44 1 673 4315870
sol2sanger_chr21 0.53 1 674 6983652
sol2sanger_chr21 0.39 1 675 3601489
sol2sanger_chr21 0.49 1 676 5421461
sol2sanger_chr21 0.28 1 677 4961712
sol2sanger_chr21 0.32 1 678 4921755
sol2sanger_chr21 0.6 1 679 4995911
sol2sanger_chr21 0.68 1 680 6967886
sol2sanger_chr21 0.2 1 681 2528647
sol2sanger_chr21 0.73 1 682 11575759
sol2sanger_chr21 0.55 1 683 4055609
sol2sanger_chr21 0.36 1 684 6683373
sol2sanger_chr21 0.45 1 685 6155321
sol2sanger_chr21 0.18 1 686 2118377
sol2sanger_chr21 0.45 1 687 5930054
sol2sanger_chr21 0.3 1 688 7148900
sol2sanger_chr21 0.67 1 689 8550248
sol2sanger_chr21 0.11 1 690 671047
sol2sanger_chr21 1.19 1 691 12188914
sol2sanger_chr21 0.54 1 692 7101643
sol2sanger_chr21 -0.21 1 693 1
sol2sanger_chr21 0.2 1 694 2199204
sol2sanger_chr21 0.88 1 695 13078232
sol2sanger_chr21 -0.14 1 696 1
sol2sanger_chr21 1.1 1 697 12563781
sol2sanger_chr21 0.06 1 698 506902
sol2sanger_chr21 1.15 1 699 7515525
sol2sanger_chr21 0.1 1 700 944406
sol2sanger_chr21 0.36 1 701 2115253
sol2sanger_chr21 0.67 1 702 12615047
sol2sanger_chr21 0.77 1 703 9240372
sol2sanger_chr21 0.43 1 704 4812368
sol2sanger_chr21 -0.2 1 705 1
sol2sanger_chr21 0.9 1 706 10006014
sol2sanger_chr21 0.65 1 707 5545337
sol2sanger_chr21 0.37 1 708 5440048
sol2sanger_chr21 0.33 1 709 5361824
sol2sanger_chr21 0.39 1 710 5874060
sol2sanger_chr21 0.63 1 711 3806328
sol2sanger_chr21 0.39 1 712 4841100
sol2sanger_chr21 0.38 1 713 7447332
sol2sanger_chr21 0.27 1 714 3425880
sol2sanger_chr21 0.48 1 715 4534990
sol2sanger_chr21 0.23 1 716 2479289
sol2sanger_chr21 0.49 1 717 5092107
sol2sanger_chr21 0.18 1 718 3276534
sol2sanger_chr21 0.84 1 719 11163243
sol2sanger_chr21 0.4 1 720 4732425
sol2sanger_chr21 0.11 1 721 1727394
sol2sanger_chr21 0.32 1 722 3022328
sol2sanger_chr21 0.37 1 723 5792769
sol2sanger_chr21 0.49 1 724 8091692
sol2sanger_chr21 0.21 1 725 2585364
sol2sanger_chr21 1.25 1 726 6897259
sol2sanger_chr21 0.01 1 727 71324
sol2sanger_chr21 0.66 1 728 9656505
sol2sanger_chr21 0.56 1 729 3741813
sol2sanger_chr21 0.21 1 730 1944717
sol2sanger_chr21 0.61 1 731 8300661
sol2sanger_chr21 0.48 1 732 4137360
sol2sanger_chr21 0.29 1 733 3115505
sol2sanger_chr21 -0.19 1 734 1
sol2sanger_chr21 0.29 1 735 3041611
sol2sanger_chr21 0.27 1 736 3977673
sol2sanger_chr21 0.71 1 737 5609671
sol2sanger_chr21 1.59 1 738 23524659
sol2sanger_chr21 0.03 1 739 469195
sol2sanger_chr21 0.75 1 740 6699835
sol2sanger_chr21 -0.05 1 741 1
fastq2bfq_chr21 0.55 1 742 954182
fastq2bfq_chr21 0.61 1 743 769109
fastq2bfq_chr21 0.48 1 744 756515
fastq2bfq_chr21 0.42 1 745 839435
fastq2bfq_chr21 0.75 1 746 1154915
fastq2bfq_chr21 0.54 1 747 709070
fastq2bfq_chr21 0.29 1 748 505284
fastq2bfq_chr21 0.62 1 749 1151777
fastq2bfq_chr21 0.56 1 750 886863
fastq2bfq_chr21 1.59 1 751 1909482
fastq2bfq_chr21 0.59 1 752 747539
fastq2bfq_chr21 0.15 1 753 222745
fastq2bfq_chr21 1 1 754 1567860
fastq2bfq_chr21 0.29 1 755 700418
fastq2bfq_chr21 0.78 1 756 767226
fastq2bfq_chr21 0.29 1 757 620071
fastq2bfq_chr21 0.67 1 758 789594
fastq2bfq_chr21 1.7 1 759 2242827
fastq2bfq_chr21 0.68 1 760 1043811
fastq2bfq_chr21 0.67 1 761 845012
fastq2bfq_chr21 0.66 1 762 1118368
fastq2bfq_chr21 -0.46 1 763 1
fastq2bfq_chr21 2.9 1 764 3590113
fastq2bfq_chr21 0.45 1 765 773316
fastq2bfq_chr21 -0.56 1 766 1
fastq2bfq_chr21 1.31 1 767 2234114
fastq2bfq_chr21 0.37 1 768 582691
fastq2bfq_chr21 1.92 1 769 3753317
fastq2bfq_chr21 1.05 1 770 1836234
fastq2bfq_chr21 -0.53 1 771 1
fastq2bfq_chr21 0.9 1 772 1683744
fastq2bfq_chr21 0.57 1 773 899051
fastq2bfq_chr21 1.02 1 774 1627646
fastq2bfq_chr21 0.03 1 775 49015
fastq2bfq_chr21 1.11 1 776 2473745
fastq2bfq_chr21 0.29 1 777 574308
fastq2bfq_chr21 0.41 1 778 712412
fastq2bfq_chr21 0.56 1 779 664349
fastq2bfq_chr21 0.38 1 780 631898
fastq2bfq_chr21 0.32 1 781 532669
fastq2bfq_chr21 0.3 1 782 610668
fastq2bfq_chr21 0.27 1 783 502618
fastq2bfq_chr21 1.02 1 784 1747819
fastq2bfq_chr21 0.25 1 785 403763
fastq2bfq_chr21 0.53 1 786 783043
fastq2bfq_chr21 0.4 1 787 561112
fastq2bfq_chr21 0.12 1 788 183863
fastq2bfq_chr21 0.71 1 789 1016538
fastq2bfq_chr21 0.29 1 790 611906
fastq2bfq_chr21 0.01 1 791 31160
fastq2bfq_chr21 0.6 1 792 884507
fastq2bfq_chr21 0.29 1 793 376959
fastq2bfq_chr21 0.42 1 794 1078291
fastq2bfq_chr21 0.08 1 795 76073
fastq2bfq_chr21 0.31 1 796 600536
fastq2bfq_chr21 0.25 1 797 321392
fastq2bfq_chr21 0.74 1 798 1124072
fastq2bfq_chr21 0.78 1 799 1472457
fastq2bfq_chr21 -0.12 1 800 1
fastq2bfq_chr21 0.75 1 801 1029833
fastq2bfq_chr21 -0.19 1 802 1
fastq2bfq_chr21 0.82 1 803 1572369
fastq2bfq_chr21 0.51 1 804 709598
fastq2bfq_chr21 0.39 1 805 701098
fastq2bfq_chr21 -0.07 1 806 1
fastq2bfq_chr21 1.7 1 807 2534269
fastq2bfq_chr21 -0.17 1 808 1
fastq2bfq_chr21 0.03 1 809 63530
fastq2bfq_chr21 0.29 1 810 466649
fastq2bfq_chr21 1.06 1 811 1409067
fastq2bfq_chr21 0.55 1 812 896227
fastq2bfq_chr21 0.49 1 813 923991
fastq2bfq_chr21 0.53 1 814 1084507
fastq2bfq_chr21 0.39 1 815 679015
fastq2bfq_chr21 0.68 1 816 1056742
fastq2bfq_chr21 0.84 1 817 1381341
fastq2bfq_chr21 0.41 1 818 610572
fastq2bfq_chr21 0.97 1 819 1588921
fastq2bfq_chr21 0.33 1 820 495217
fastq2bfq_chr21 0.75 1 821 1338261
fastq2bfq_chr21 0.49 1 822 858876
fastq2bfq_chr21 0.36 1 823 646650
fastq2bfq_chr21 1.37 1 824 2470988
fastq2bfq_chr21 0.53 1 825 788530
fastq2bfq_chr21 0.29 1 826 470793
fastq2bfq_chr21 0.27 1 827 386638
fastq2bfq_chr21 0.95 1 828 1316900
fastq2bfq_chr21 0.54 1 829 996664
fastq2bfq_chr21 0.32 1 830 510828
fastq2bfq_chr21 1.58 1 831 2423129
fastq2bfq_chr21 0.1 1 832 177326
fastq2bfq_chr21 0.13 1 833 246720
fastq2bfq_chr21 1.07 1 834 1581606
fastq2bfq_chr21 0.69 1 835 1260546
fastq2bfq_chr21 0.19 1 836 303753
fastq2bfq_chr21 0.83 1 837 2105640
fastq2bfq_chr21 1.09 1 838 1473306
fastq2bfq_chr21 -0.81 1 839 1
fastq2bfq_chr21 1.56 1 840 2525315
fastq2bfq_chr21 0.08 1 841 157251
fastq2bfq_chr21 1.56 1 842 2663699
fastq2bfq_chr21 1.07 1 843 1701378
fastq2bfq_chr21 -0.35 1 844 1
fastq2bfq_chr21 0.21 1 845 358584
fastq2bfq_chr21 2.16 1 846 2814930
fastq2bfq_chr21 0.29 1 847 546918
fastq2bfq_chr21 0.41 1 848 586407
fastq2bfq_chr21 0.3 1 849 495045
fastq2bfq_chr21 0.18 1 850 280806
fastq2bfq_chr21 0.38 1 851 694743
fastq2bfq_chr21 0.29 1 852 511513
fastq2bfq_chr21 0.27 1 853 478883
fastq2bfq_chr21 0.65 1 854 832938
fastq2bfq_chr21 0.64 1 855 822187
fastq2bfq_chr21 0.12 1 856 208023
fastq2bfq_chr21 0.31 1 857 834512
fastq2bfq_chr21 0.44 1 858 623038
fastq2bfq_chr21 0.56 1 859 720215
fastq2bfq_chr21 0.22 1 860 342813
fastq2bfq_chr21 0 1 861 8818
fastq2bfq_chr21 0.5 1 862 948875
fastq2bfq_chr21 0.25 1 863 298062
fastq2bfq_chr21 0.45 1 864 830664
fastq2bfq_chr21 0.19 1 865 255067
fastq2bfq_chr21 1.66 1 866 1864570
fastq2bfq_chr21 -0.18 1 867 1
fastq2bfq_chr21 0.85 1 868 1256450
fastq2bfq_chr21 0.42 1 869 670367
fastq2bfq_chr21 -0.08 1 870 1
fastq2bfq_chr21 0.24 1 871 311524
fastq2bfq_chr21 0.86 1 872 1289114
fastq2bfq_chr21 0.35 1 873 678112
fastq2bfq_chr21 0.21 1 874 339444
fastq2bfq_chr21 0.45 1 875 831401
fastq2bfq_chr21 -0.2 1 876 1
fastq2bfq_chr21 0.72 1 877 1033982
fastq2bfq_chr21 0.44 1 878 919961
fastq2bfq_chr21 0.27 1 879 255588
fastq2bfq_chr21 0.2 1 880 417260
fastq2bfq_chr21 0.18 1 881 291310
fastq2bfq_chr21 0.59 1 882 893171
fastq2bfq_chr21 0.66 1 883 1121653
fastq2bfq_chr21 1.14 1 884 1438159
fastq2bfq_chr21 1.14 1 885 1639805
fastq2bfq_chr21 0.51 1 886 938250
fastq2bfq_chr21 0.54 1 887 715572
fastq2bfq_chr21 0.82 1 888 1374062
fastq2bfq_chr21 0.98 1 889 1507476
fastq2bfq_chr21 1.13 1 890 1343015
fastq2bfq_chr21 0.62 1 891 592073
fastq2bfq_chr21 0.99 1 892 1719382
fastq2bfq_chr21 0.56 1 893 757625
fastq2bfq_chr21 1.79 1 894 3918191
fastq2bfq_chr21 0.51 1 895 827774
fastq2bfq_chr21 0.44 1 896 653628
fastq2bfq_chr21 1.12 1 897 1271139
fastq2bfq_chr21 0.53 1 898 918293
fastq2bfq_chr21 1.23 1 899 1975241
fastq2bfq_chr21 0.96 1 900 1953684
fastq2bfq_chr21 0.12 1 901 179309
fastq2bfq_chr21 1.36 1 902 2086277
fastq2bfq_chr21 0 1 903 5718
fastq2bfq_chr21 0.78 1 904 1230758
fastq2bfq_chr21 1.07 1 905 1685741
fastq2bfq_chr21 1.67 1 906 3248201
fastq2bfq_chr21 1.42 1 907 2292564
fastq2bfq_chr21 0.04 1 908 53837
fastq2bfq_chr21 1.46 1 909 2399710
fastq2bfq_chr21 1.54 1 910 3276263
fastq2bfq_chr21 -0.04 1 911 1
fastq2bfq_chr21 0.58 1 912 802811
fastq2bfq_chr21 1.22 1 913 1949819
fastq2bfq_chr21 1 1 914 1630093
fastq2bfq_chr21 -0.4 1 915 1
fastq2bfq_chr21 1.26 1 916 1353550
fastq2bfq_chr21 0.76 1 917 997683
fastq2bfq_chr21 0.46 1 918 913254
fastq2bfq_chr21 1.08 1 919 1751746
fastq2bfq_chr21 0.55 1 920 920340
fastq2bfq_chr21 0.6 1 921 1120963
fastq2bfq_chr21 0.65 1 922 1462234
fastq2bfq_chr21 0.83 1 923 946989
fastq2bfq_chr21 0.73 1 924 1105830
fastq2bfq_chr21 1.03 1 925 1640512
fastq2bfq_chr21 0.29 1 926 582307
fastq2bfq_chr21 1.73 1 927 2494714
fastq2bfq_chr21 0.47 1 928 1077361
fastq2bfq_chr21 1.34 1 929 1416554
fastq2bfq_chr21 1.03 1 930 1721920
fastq2bfq_chr21 0.25 1 931 505675
fastq2bfq_chr21 0.78 1 932 1343678
fastq2bfq_chr21 1 1 933 1546202
fastq2bfq_chr21 1.32 1 934 2073752
fastq2bfq_chr21 0.11 1 935 159589
fastq2bfq_chr21 1.49 1 936 2556908
fastq2bfq_chr21 0.95 1 937 1633940
fastq2bfq_chr21 -0.27 1 938 1
fastq2bfq_chr21 0.31 1 939 487016
fastq2bfq_chr21 2.14 1 940 2620201
fastq2bfq_chr21 -0.2 1 941 1
fastq2bfq_chr21 1.47 1 942 3252637
fastq2bfq_chr21 0.08 1 943 104245
fastq2bfq_chr21 1.13 1 944 1929515
fastq2bfq_chr21 0.13 1 945 186148
fastq2bfq_chr21 0.28 1 946 541852
fastq2bfq_chr21 2.62 1 947 3080894
fastq2bfq_chr21 1.87 1 948 1876021
fastq2bfq_chr21 0.88 1 949 991257
fastq2bfq_chr21 -0.31 1 950 1
fastq2bfq_chr21 1.71 1 951 2632052
fastq2bfq_chr21 0.75 1 952 1299818
fastq2bfq_chr21 0.74 1 953 1182420
fastq2bfq_chr21 0.69 1 954 1301929
fastq2bfq_chr21 0.84 1 955 1396181
fastq2bfq_chr21 0.53 1 956 827342
fastq2bfq_chr21 0.65 1 957 1024459
fastq2bfq_chr21 0.98 1 958 1676599
fastq2bfq_chr21 0.67 1 959 773690
fastq2bfq_chr21 0.58 1 960 1193283
fastq2bfq_chr21 0.34 1 961 655569
fastq2bfq_chr21 0.83 1 962 1208884
fastq2bfq_chr21 0.5 1 963 884721
fastq2bfq_chr21 1.86 1 964 2839732
fastq2bfq_chr21 0.62 1 965 1250077
fastq2bfq_chr21 0.32 1 966 402553
fastq2bfq_chr21 0.51 1 967 785600
fastq2bfq_chr21 0.93 1 968 1281977
fastq2bfq_chr21 1.4 1 969 1711286
fastq2bfq_chr21 0.33 1 970 649966
fastq2bfq_chr21 1.05 1 971 1835382
fastq2bfq_chr21 0.01 1 972 15834
fastq2bfq_chr21 1.5 1 973 2549494
fastq2bfq_chr21 0.56 1 974 870153
fastq2bfq_chr21 0.35 1 975 438010
fastq2bfq_chr21 1.06 1 976 2104072
fastq2bfq_chr21 0.7 1 977 898116
fastq2bfq_chr21 0.5 1 978 759279
fastq2bfq_chr21 -0.44 1 979 1
fastq2bfq_chr21 0.56 1 980 745079
fastq2bfq_chr21 0.74 1 981 1039204
fastq2bfq_chr21 0.63 1 982 1415861
fastq2bfq_chr21 4.76 1 983 4862974
fastq2bfq_chr21 0.06 1 984 109719
fastq2bfq_chr21 0.88 1 985 1680772
fastq2bfq_chr21 -0.15 1 986 1
map_chr21 11977.31 1 987 1037154
map_chr21 13102.88 1 987 835988
map_chr21 20674.88 1 987 822298
map_chr21 13720.14 1 987 912429
map_chr21 22953.67 1 987 1255342
map_chr21 14887.28 1 987 770728
map_chr21 22891.83 1 987 549221
map_chr21 19651.66 1 987 1251931
map_chr21 26069.77 1 987 963981
map_chr21 11316.23 1 987 2075523
map_chr21 12245.06 1 987 812542
map_chr21 13741.92 1 987 242114
map_chr21 17855.25 1 987 1704195
map_chr21 18354.89 1 987 761323
map_chr21 13825.75 1 987 833941
map_chr21 15878.53 1 987 673990
map_chr21 15500.8 1 987 858254
map_chr21 17438.02 1 987 2437855
map_chr21 16702.8 1 987 1134577
map_chr21 20962.96 1 987 918491
map_chr21 16896.12 1 987 1215617
map_chr21 11780.42 1 987 1
map_chr21 11120.67 1 987 3902296
map_chr21 19450.51 1 987 840560
map_chr21 24608.08 1 987 1
map_chr21 9915.45 1 987 2428384
map_chr21 11138.73 1 987 633359
map_chr21 14054.29 1 987 4079692
map_chr21 14470.27 1 987 1995906
map_chr21 21542.88 1 987 1
map_chr21 14130.43 1 987 1830156
map_chr21 12112.78 1 987 977229
map_chr21 17063.14 1 987 1769180
map_chr21 13266.63 1 987 53277
map_chr21 15432.06 1 987 2688853
map_chr21 10883.29 1 988 624247
map_chr21 22196.07 1 988 774360
map_chr21 13838.05 1 988 722118
map_chr21 10720.12 1 988 686845
map_chr21 9907.92 1 988 578988
map_chr21 13509.48 1 988 663769
map_chr21 13643.95 1 988 546323
map_chr21 13467.07 1 988 1899803
map_chr21 14667.69 1 988 438872
map_chr21 20391.59 1 988 851133
map_chr21 24287.05 1 988 609904
map_chr21 12730.42 1 988 199851
map_chr21 16732.89 1 988 1104932
map_chr21 14617.49 1 988 665115
map_chr21 15741.97 1 988 33869
map_chr21 23469.4 1 988 961420
map_chr21 16126 1 988 409738
map_chr21 15521.88 1 988 1172055
map_chr21 10830.11 1 988 82688
map_chr21 13602.77 1 988 652756
map_chr21 16083.09 1 988 349339
map_chr21 14900.07 1 988 1221817
map_chr21 21387.29 1 988 1600496
map_chr21 25473.7 1 988 1
map_chr21 12409.27 1 988 1119383
map_chr21 13647.23 1 988 1
map_chr21 11524.29 1 988 1709096
map_chr21 12956.04 1 988 771302
map_chr21 13441.56 1 988 762063
map_chr21 18489.82 1 988 1
map_chr21 19136 1 988 2754640
map_chr21 16629.89 1 988 1
map_chr21 17469.92 1 988 69054
map_chr21 14620.67 1 988 507227
map_chr21 13472.99 1 988 1531594
map_chr21 10803.33 1 989 974159
map_chr21 18837.14 1 989 1004338
map_chr21 21012.95 1 989 1178811
map_chr21 16742.08 1 989 738059
map_chr21 20892.7 1 989 1148632
map_chr21 12767.83 1 989 1501457
map_chr21 16241 1 989 663665
map_chr21 10256.54 1 989 1727088
map_chr21 11772.29 1 989 538279
map_chr21 19056.51 1 989 1454631
map_chr21 10252 1 989 933560
map_chr21 21473.02 1 989 702880
map_chr21 26141.8 1 989 2685856
map_chr21 14542.97 1 989 857097
map_chr21 16431.42 1 989 511731
map_chr21 13778.05 1 989 420258
map_chr21 13442.49 1 989 1431413
map_chr21 14082.08 1 989 1083330
map_chr21 16112.58 1 989 555247
map_chr21 14996.71 1 989 2633835
map_chr21 14917.54 1 989 192745
map_chr21 12549.66 1 989 268173
map_chr21 11753.86 1 989 1719136
map_chr21 20641.6 1 989 1370158
map_chr21 15613.57 1 989 330166
map_chr21 15282.24 1 989 2288739
map_chr21 18563.06 1 989 1601419
map_chr21 18931.52 1 989 1
map_chr21 17722.01 1 989 2744907
map_chr21 14225.31 1 989 170925
map_chr21 18157.51 1 989 2895325
map_chr21 11669.47 1 989 1849323
map_chr21 16999.54 1 989 1
map_chr21 16435.71 1 989 389765
map_chr21 13675.98 1 989 3059706
map_chr21 12139.16 1 990 594476
map_chr21 18535.19 1 990 637398
map_chr21 13091.81 1 990 538092
map_chr21 9806.89 1 990 305223
map_chr21 13962.65 1 990 755155
map_chr21 15170.37 1 990 555992
map_chr21 15404.77 1 990 520525
map_chr21 13674.61 1 990 905367
map_chr21 15662.74 1 990 893681
map_chr21 16536.99 1 990 226111
map_chr21 15479.1 1 990 907078
map_chr21 14635.29 1 990 677215
map_chr21 10402.8 1 990 782842
map_chr21 9607.1 1 990 372622
map_chr21 19398.01 1 990 9584
map_chr21 15781.19 1 990 1031385
map_chr21 21913.27 1 990 323980
map_chr21 10642.97 1 990 902895
map_chr21 22269.38 1 990 277246
map_chr21 11623.04 1 990 2026706
map_chr21 10952.38 1 990 1
map_chr21 10297.57 1 990 1365706
map_chr21 11951.9 1 990 728659
map_chr21 21470.92 1 990 1
map_chr21 16428.12 1 990 338613
map_chr21 10628.48 1 990 1401210
map_chr21 26944.92 1 990 737078
map_chr21 15064.02 1 990 368960
map_chr21 16492.61 1 990 903696
map_chr21 13028.9 1 990 1
map_chr21 21916.27 1 990 1123893
map_chr21 17220.58 1 990 999957
map_chr21 12476.96 1 990 277813
map_chr21 12754.21 1 990 453543
map_chr21 16953.03 1 990 316641
map_chr21 20649.51 1 991 970838
map_chr21 18008.97 1 991 1219188
map_chr21 12005.75 1 991 1563216
map_chr21 13323.9 1 991 1782396
map_chr21 22029.39 1 991 1019836
map_chr21 21396.58 1 991 777795
map_chr21 9989.36 1 991 1493545
map_chr21 18338.54 1 991 1638560
map_chr21 17714.24 1 991 1459798
map_chr21 17863.43 1 991 643557
map_chr21 12320.19 1 991 1868893
map_chr21 18697.32 1 991 823505
map_chr21 12217.6 1 991 4258903
map_chr21 22314.97 1 991 899754
map_chr21 24935.64 1 991 710465
map_chr21 27093.35 1 991 1381672
map_chr21 10646.19 1 991 998144
map_chr21 14619.57 1 991 2147001
map_chr21 13054.28 1 991 2123569
map_chr21 13126.36 1 991 194901
map_chr21 16511.18 1 991 2267692
map_chr21 16438.06 1 991 6215
map_chr21 16780.66 1 991 1337780
map_chr21 13639.78 1 991 1832327
map_chr21 16954.36 1 991 3530653
map_chr21 12574.04 1 991 2491917
map_chr21 15630.02 1 991 58518
map_chr21 20366.9 1 991 2608380
map_chr21 16453.21 1 991 3561155
map_chr21 25622.43 1 991 1
map_chr21 17543.85 1 991 872620
map_chr21 14377.74 1 991 2119368
map_chr21 13865.22 1 991 1771840
map_chr21 13639.19 1 991 1
map_chr21 17396.39 1 991 1471250
map_chr21 12022.57 1 992 1084438
map_chr21 19826.56 1 992 992667
map_chr21 17342.2 1 992 1904071
map_chr21 11710.58 1 992 1000369
map_chr21 24554.16 1 992 1218438
map_chr21 10957.79 1 992 1589384
map_chr21 15851.61 1 992 1029335
map_chr21 15468.65 1 992 1201989
map_chr21 12304.51 1 992 1783165
map_chr21 10375.7 1 992 632942
map_chr21 13988.41 1 992 2711645
map_chr21 12041.19 1 992 1171044
map_chr21 18613.05 1 992 1539732
map_chr21 14804.57 1 992 1871652
map_chr21 10700.22 1 992 549646
map_chr21 12296.27 1 992 1460519
map_chr21 13115.27 1 992 1680654
map_chr21 14048.63 1 992 2254078
map_chr21 19072.88 1 992 173466
map_chr21 12807.52 1 992 2779247
map_chr21 12951.66 1 992 1776021
map_chr21 12808.89 1 992 1
map_chr21 12959.84 1 992 529365
map_chr21 15593.99 1 992 2848044
map_chr21 27406.15 1 992 1
map_chr21 15201.3 1 992 3535475
map_chr21 11154.83 1 992 113309
map_chr21 17572.71 1 992 2097298
map_chr21 12866.56 1 992 202334
map_chr21 15665.53 1 992 588969
map_chr21 18637.97 1 992 3348797
map_chr21 19401.74 1 992 2039153
map_chr21 19134.76 1 992 1077453
map_chr21 13920.16 1 992 1
map_chr21 15561.11 1 992 2860926
map_chr21 12156.24 1 993 1412845
map_chr21 12916.85 1 993 1285239
map_chr21 11292.6 1 993 1415140
map_chr21 19642.08 1 993 1517588
map_chr21 13227.86 1 993 899284
map_chr21 22720.44 1 993 1113542
map_chr21 11477.33 1 993 1822390
map_chr21 10564.62 1 993 840967
map_chr21 22995.1 1 993 1297046
map_chr21 13527.81 1 993 712575
map_chr21 18143.41 1 993 1314004
map_chr21 11236.92 1 993 961653
map_chr21 11092.36 1 993 3086665
map_chr21 15426.5 1 993 1358779
map_chr21 12816.35 1 993 437557
map_chr21 12265.7 1 993 853913
map_chr21 15488.32 1 993 1393453
map_chr21 14582.28 1 993 1860093
map_chr21 14888.51 1 993 706484
map_chr21 19674.27 1 993 1994980
map_chr21 27775.36 1 993 17210
map_chr21 9814.63 1 993 2771189
map_chr21 14114.62 1 993 945818
map_chr21 11081.37 1 993 476097
map_chr21 21221.4 1 993 2287034
map_chr21 10989.49 1 993 976213
map_chr21 19790.44 1 993 825303
map_chr21 23472.07 1 993 1
map_chr21 12172.01 1 993 809868
map_chr21 14207.19 1 993 1129569
map_chr21 12230.77 1 993 1538979
map_chr21 11656.88 1 993 5285841
map_chr21 15281.73 1 993 119259
map_chr21 10512.01 1 993 1826926
map_chr21 13790.89 1 993 1
mapMerge_chr21 21.98 1 994 38246039
mapMerge_chr21 9.75 1 994 23616008
mapMerge_chr21 17.8 1 994 37035631
mapMerge_chr21 11.35 1 994 20363275
mapMerge_chr21 22.11 1 994 48142607
mapMerge_chr21 20.58 1 994 45510789
mapMerge_chr21 18.23 1 994 41727172
mapMerge_chr21 160.67 1 995 240227850
maqindex_chr21 0.21 1 996 4291370
pileup_chr21 6034.5 0
