50 0.9 2116.2
TmpltBank 18.06 1 12 986360
TmpltBank 18.17 1 13 972431
TmpltBank 17.95 1 14 998873
TmpltBank 18.63 1 15 950797
TmpltBank 18.27 1 16 993450
TmpltBank 18.05 1 17 954179
TmpltBank 18.1 1 18 958002
TmpltBank 17.46 1 19 974790
TmpltBank 18.4 1 20 987959
TmpltBank 18.81 1 21 980842
TmpltBank 18.29 1 22 996105
TmpltBank 18.19 1 23 1028192
Inspiral 378 1 24 221205
Inspiral 483.32 1 24 336074
Inspiral 285.03 1 24 321352
Inspiral 300.19 1 24 468598
Inspiral 560.33 1 24 159433
Inspiral 689.29 1 24 199001
Inspiral 662.65 1 24 202897
Inspiral 542.77 1 24 303901
Inspiral 495.09 1 24 345061
Inspiral 244.47 1 24 160601
Inspiral 470.14 1 24 182454
Inspiral 430.23 1 24 261596
Thinca 5.29 12 25 35410 26 45873 27 44392 28 41003 29 17210 30 42925 31 42753 32 33329 33 41834 34 26608 35 46647 36 48835
TrigBank 5.13 1 37 10511
TrigBank 5.06 1 38 13843
TrigBank 4.94 1 39 18477
TrigBank 4.89 1 40 10399
TrigBank 5.34 1 41 13329
TrigBank 4.95 1 42 10556
TrigBank 4.95 1 43 13896
TrigBank 5.26 1 44 15855
TrigBank 5.68 1 45 11162
TrigBank 5.21 1 46 6744
TrigBank 5.32 1 47 12659
TrigBank 4.89 1 48 7182
Inspiral 687.76 1 49 394336
Inspiral 271.31 1 49 219786
Inspiral 494.07 1 49 245057
Inspiral 636.81 1 49 371080
Inspiral 472.41 1 49 310860
Inspiral 616.34 1 49 417224
Inspiral 475.5 1 49 255028
Inspiral 641.92 1 49 414920
Inspiral 393.45 1 49 348073
Inspiral 381.65 1 49 236051
Inspiral 381.21 1 49 331834
Inspiral 477.44 1 49 443350
Thinca 5.28 0
