30 0.9 2002.7699999999998
TmpltBank 17.83 1 7 992860
TmpltBank 17.97 1 8 983877
TmpltBank 17.62 1 9 982316
TmpltBank 17.75 1 10 1009501
TmpltBank 18.05 1 11 989550
TmpltBank 17.57 1 12 995701
TmpltBank 18.23 1 13 978215
Inspiral 674.74 1 14 341444
Inspiral 350.25 1 14 165251
Inspiral 594.63 1 14 402601
Inspiral 519.19 1 14 228253
Inspiral 535.21 1 14 233774
Inspiral 332.09 1 14 275315
Inspiral 344.11 1 14 410359
Thinca 5.61 7 15 41274 16 30607 17 20368 18 19233 19 18140 20 30194 21 40707
TrigBank 5.77 1 22 7733
TrigBank 5.43 1 23 15310
TrigBank 4.93 1 24 16310
TrigBank 5.26 1 25 8309
TrigBank 4.98 1 26 6501
TrigBank 5.35 1 27 6836
TrigBank 5.26 1 28 16024
Inspiral 626.38 1 29 455353
Inspiral 612.78 1 29 273971
Inspiral 418.39 1 29 308593
Inspiral 255.61 1 29 412189
Inspiral 305.7 1 29 278778
Inspiral 510.37 1 29 395715
Inspiral 365.16 1 29 367983
Thinca 4.85 0
