1000 0.9 2120.085
TmpltBank 18.14 1 229 1015340
TmpltBank 18.27 1 230 1004195
TmpltBank 18.06 1 231 1009623
TmpltBank 18.56 1 232 986752
TmpltBank 17.97 1 233 981274
TmpltBank 17.96 1 234 993463
TmpltBank 18.02 1 235 958876
TmpltBank 18.39 1 236 997843
TmpltBank 17.44 1 237 1019413
TmpltBank 18.95 1 238 999317
TmpltBank 17.91 1 239 982460
TmpltBank 17.92 1 240 955772
TmpltBank 18.61 1 241 940093
TmpltBank 18.62 1 242 976509
TmpltBank 17.97 1 243 992120
TmpltBank 17.81 1 244 974988
TmpltBank 18.56 1 245 962766
TmpltBank 18.22 1 246 996632
TmpltBank 18.14 1 247 957500
TmpltBank 18.3 1 248 998131
TmpltBank 18.78 1 249 995520
TmpltBank 17.93 1 250 975641
TmpltBank 17.95 1 251 966889
TmpltBank 18.16 1 252 1013196
TmpltBank 17.93 1 253 986531
TmpltBank 18.33 1 254 1023224
TmpltBank 17.82 1 255 964034
TmpltBank 18.33 1 256 995881
TmpltBank 18.57 1 257 974013
TmpltBank 18.55 1 258 990223
TmpltBank 18.66 1 259 970582
TmpltBank 18.65 1 260 952840
TmpltBank 17.87 1 261 1003287
TmpltBank 18.9 1 262 992171
TmpltBank 18.43 1 263 973663
TmpltBank 18.29 1 264 979577
TmpltBank 17.14 1 265 988783
TmpltBank 17.48 1 266 986469
TmpltBank 18.64 1 267 968378
TmpltBank 18.23 1 268 975560
TmpltBank 18.46 1 269 1013220
TmpltBank 17.66 1 270 985040
TmpltBank 18.73 1 271 996823
TmpltBank 17.92 1 272 986726
TmpltBank 17.41 1 273 994030
TmpltBank 18.1 1 274 968784
TmpltBank 18.17 1 275 986952
TmpltBank 18.25 1 276 967842
TmpltBank 18.53 1 277 976045
TmpltBank 18.03 1 278 981823
TmpltBank 17.92 1 279 967213
TmpltBank 17.77 1 280 967614
TmpltBank 18.59 1 281 962714
TmpltBank 18.4 1 282 985067
TmpltBank 18.46 1 283 1018882
TmpltBank 17.81 1 284 979165
TmpltBank 18.39 1 285 999219
TmpltBank 17.54 1 286 1006144
TmpltBank 18.91 1 287 979538
TmpltBank 18.06 1 288 970963
TmpltBank 18.32 1 289 999688
TmpltBank 18.14 1 290 987719
TmpltBank 18.43 1 291 1024180
TmpltBank 17.89 1 292 985787
TmpltBank 17.8 1 293 993261
TmpltBank 18.35 1 294 1003240
TmpltBank 18.11 1 295 967933
TmpltBank 18.03 1 296 1003323
TmpltBank 18.63 1 297 1005765
TmpltBank 17.99 1 298 972914
TmpltBank 18.1 1 299 1006965
TmpltBank 18.92 1 300 962074
TmpltBank 18.6 1 301 996733
TmpltBank 18.37 1 302 1000232
TmpltBank 17.91 1 303 978357
TmpltBank 17.91 1 304 985862
TmpltBank 18.12 1 305 984780
TmpltBank 17.32 1 306 995785
TmpltBank 17.16 1 307 997647
TmpltBank 18.5 1 308 970514
TmpltBank 18.2 1 309 978956
TmpltBank 18.07 1 310 1001788
TmpltBank 17.7 1 311 1023027
TmpltBank 18.2 1 312 1009859
TmpltBank 19.08 1 313 989936
TmpltBank 17.71 1 314 969744
TmpltBank 17.36 1 315 985941
TmpltBank 17.23 1 316 1004829
TmpltBank 17.61 1 317 994446
TmpltBank 18.25 1 318 1014239
TmpltBank 18.3 1 319 1005332
TmpltBank 18.3 1 320 1012041
TmpltBank 18.35 1 321 1031150
TmpltBank 18.32 1 322 1003217
TmpltBank 18.12 1 323 975405
TmpltBank 18.08 1 324 982896
TmpltBank 18.1 1 325 984083
TmpltBank 18.14 1 326 1011227
TmpltBank 18.62 1 327 997925
TmpltBank 18.37 1 328 982942
TmpltBank 17.72 1 329 989682
TmpltBank 17.05 1 330 978702
TmpltBank 17.99 1 331 1007121
TmpltBank 17.64 1 332 992676
TmpltBank 18.74 1 333 1035145
TmpltBank 18.13 1 334 979005
TmpltBank 18.08 1 335 992488
TmpltBank 18.39 1 336 1003161
TmpltBank 17.9 1 337 965462
TmpltBank 18.32 1 338 943029
TmpltBank 18.65 1 339 969178
TmpltBank 18.23 1 340 991130
TmpltBank 18.12 1 341 982069
TmpltBank 17.86 1 342 953874
TmpltBank 17.92 1 343 982425
TmpltBank 18.01 1 344 982475
TmpltBank 17.42 1 345 962251
TmpltBank 18.06 1 346 956717
TmpltBank 18.28 1 347 991995
TmpltBank 18.22 1 348 986792
TmpltBank 17.75 1 349 1005183
TmpltBank 17.77 1 350 1000520
TmpltBank 17.93 1 351 1012153
TmpltBank 17.86 1 352 980213
TmpltBank 17.76 1 353 1007141
TmpltBank 18.79 1 354 1004728
TmpltBank 18.31 1 355 994586
TmpltBank 18.43 1 356 975199
TmpltBank 18.47 1 357 1024014
TmpltBank 17.8 1 358 982757
TmpltBank 19.15 1 359 988709
TmpltBank 17.5 1 360 1001618
TmpltBank 19.07 1 361 976190
TmpltBank 17.7 1 362 1003580
TmpltBank 18.64 1 363 974276
TmpltBank 16.95 1 364 957558
TmpltBank 17.72 1 365 944260
TmpltBank 18.5 1 366 944658
TmpltBank 18.61 1 367 967388
TmpltBank 17.93 1 368 999182
TmpltBank 18.23 1 369 974897
TmpltBank 18.28 1 370 990430
TmpltBank 18.13 1 371 982649
TmpltBank 17.61 1 372 990939
TmpltBank 18.4 1 373 1010353
TmpltBank 18.84 1 374 978002
TmpltBank 18.24 1 375 978609
TmpltBank 17.9 1 376 950519
TmpltBank 18.12 1 377 998584
TmpltBank 18.64 1 378 1022320
TmpltBank 18.42 1 379 991111
TmpltBank 18.15 1 380 971140
TmpltBank 18.5 1 381 960835
TmpltBank 17.6 1 382 1005777
TmpltBank 17.61 1 383 948628
TmpltBank 18.13 1 384 1012516
TmpltBank 18.01 1 385 1012674
TmpltBank 17.71 1 386 972397
TmpltBank 18.45 1 387 1011791
TmpltBank 17.43 1 388 953527
TmpltBank 18.4 1 389 996600
TmpltBank 18.04 1 390 953716
TmpltBank 18.06 1 391 1009236
TmpltBank 18.24 1 392 1002122
TmpltBank 18.72 1 393 946282
TmpltBank 18.62 1 394 995211
TmpltBank 18.64 1 395 982414
TmpltBank 17.89 1 396 971220
TmpltBank 18.55 1 397 984366
TmpltBank 18.04 1 398 987637
TmpltBank 18.23 1 399 967686
TmpltBank 18.33 1 400 983268
TmpltBank 17.58 1 401 966648
TmpltBank 18.32 1 402 950283
TmpltBank 17.74 1 403 1008326
TmpltBank 18.14 1 404 1014468
TmpltBank 17.8 1 405 989508
TmpltBank 17.94 1 406 994400
TmpltBank 18.72 1 407 977142
TmpltBank 18.07 1 408 977253
TmpltBank 18.3 1 409 996943
TmpltBank 18.4 1 410 1009761
TmpltBank 18.6 1 411 1007711
TmpltBank 17.98 1 412 989665
TmpltBank 17.82 1 413 1010594
TmpltBank 17.85 1 414 1002288
TmpltBank 18.64 1 415 1002074
TmpltBank 16.95 1 416 992475
TmpltBank 18.16 1 417 989669
TmpltBank 17.8 1 418 971971
TmpltBank 17.54 1 419 992052
TmpltBank 17.9 1 420 1012143
TmpltBank 18.06 1 421 977749
TmpltBank 18.18 1 422 990386
TmpltBank 18.35 1 423 1007342
TmpltBank 18.49 1 424 972362
TmpltBank 17.38 1 425 975762
TmpltBank 17.68 1 426 1031778
TmpltBank 17.86 1 427 979530
TmpltBank 17.28 1 428 985618
TmpltBank 18.2 1 429 1011820
TmpltBank 18.45 1 430 993854
TmpltBank 18.89 1 431 989297
TmpltBank 18.12 1 432 976044
TmpltBank 17.88 1 433 998809
TmpltBank 17.86 1 434 983493
TmpltBank 17.11 1 435 1000980
TmpltBank 18.29 1 436 968395
TmpltBank 18.25 1 437 1020204
TmpltBank 18.05 1 438 991340
TmpltBank 18.34 1 439 987847
TmpltBank 18.87 1 440 1007156
TmpltBank 18.17 1 441 980536
TmpltBank 19.02 1 442 1000067
TmpltBank 19.15 1 443 987871
TmpltBank 18.25 1 444 998846
TmpltBank 18.27 1 445 937303
TmpltBank 17.54 1 446 985840
TmpltBank 18.48 1 447 1013590
TmpltBank 18.07 1 448 977181
TmpltBank 18.17 1 449 975014
TmpltBank 17.41 1 450 995964
TmpltBank 18.78 1 451 970523
TmpltBank 17.66 1 452 979230
TmpltBank 18.61 1 453 994060
TmpltBank 18.43 1 454 991468
TmpltBank 17.99 1 455 973682
TmpltBank 17.66 1 456 965770
TmpltBank 18.13 1 457 969415
Inspiral 477.16 1 458 361612
Inspiral 663.25 1 458 275964
Inspiral 546.57 1 458 381510
Inspiral 603 1 458 389636
Inspiral 651.44 1 458 286253
Inspiral 522 1 458 197139
Inspiral 475.23 1 458 319633
Inspiral 489.63 1 458 321407
Inspiral 665.1 1 458 376713
Inspiral 639.86 1 458 270187
Inspiral 350.1 1 458 416240
Inspiral 544.95 1 458 240324
Inspiral 233.22 1 458 423516
Inspiral 568.62 1 458 346014
Inspiral 398.9 1 458 189332
Inspiral 246.44 1 458 304835
Inspiral 301.98 1 458 431839
Inspiral 307.72 1 458 227369
Inspiral 557.99 1 458 377860
Inspiral 623.5 1 458 186077
Inspiral 387.68 1 458 281643
Inspiral 301.7 1 458 269115
Inspiral 490.3 1 458 294989
Inspiral 253.19 1 458 462050
Inspiral 584.24 1 458 222147
Inspiral 387.96 1 458 428868
Inspiral 538.29 1 458 188741
Inspiral 665.5 1 458 461264
Inspiral 613.68 1 458 274686
Inspiral 315.3 1 458 215553
Inspiral 516.06 1 458 280472
Inspiral 472.21 1 458 231491
Inspiral 689.55 1 458 289246
Inspiral 688.69 1 458 366309
Inspiral 576.01 1 458 237270
Inspiral 493.25 1 458 323564
Inspiral 459.68 1 458 262065
Inspiral 499.64 1 458 290183
Inspiral 535.5 1 458 396919
Inspiral 523.94 1 458 402293
Inspiral 617.03 1 459 277700
Inspiral 242.84 1 459 258931
Inspiral 367.63 1 459 466015
Inspiral 287.24 1 459 224076
Inspiral 298.61 1 459 423307
Inspiral 651.37 1 459 178833
Inspiral 339.01 1 459 466955
Inspiral 561.47 1 459 382790
Inspiral 562.38 1 459 292584
Inspiral 560.32 1 459 302134
Inspiral 273.07 1 459 157006
Inspiral 615.57 1 459 164348
Inspiral 299.81 1 459 167604
Inspiral 446.18 1 459 368890
Inspiral 233.69 1 459 368848
Inspiral 461.68 1 459 300670
Inspiral 645.73 1 459 368769
Inspiral 520.88 1 459 211003
Inspiral 633.43 1 459 231430
Inspiral 444.3 1 459 452112
Inspiral 262.54 1 459 292726
Inspiral 335.69 1 459 175585
Inspiral 533.92 1 459 286739
Inspiral 652.07 1 459 267351
Inspiral 463.44 1 459 374457
Inspiral 459.73 1 459 409276
Inspiral 557.68 1 459 438193
Inspiral 667.7 1 459 366001
Inspiral 376.94 1 459 454576
Inspiral 425.21 1 459 174765
Inspiral 474.93 1 459 231098
Inspiral 541.66 1 459 276875
Inspiral 513.51 1 459 369834
Inspiral 273.07 1 459 392959
Inspiral 368.62 1 459 315103
Inspiral 655.67 1 459 446335
Inspiral 330.92 1 459 437135
Inspiral 540.9 1 459 409631
Inspiral 331.77 1 459 357807
Inspiral 300.43 1 460 432426
Inspiral 421.71 1 460 301731
Inspiral 322.6 1 460 222278
Inspiral 401.49 1 460 446219
Inspiral 308.8 1 460 199931
Inspiral 393.22 1 460 329952
Inspiral 292.68 1 460 254009
Inspiral 514.98 1 460 259937
Inspiral 623.26 1 460 468999
Inspiral 371.37 1 460 376973
Inspiral 665.49 1 460 425085
Inspiral 675.74 1 460 233770
Inspiral 401.17 1 460 311027
Inspiral 499.56 1 460 432727
Inspiral 271.75 1 460 235116
Inspiral 288.97 1 460 464029
Inspiral 614.65 1 460 391370
Inspiral 420.23 1 460 426260
Inspiral 483.77 1 460 264199
Inspiral 333.9 1 460 298214
Inspiral 544.29 1 460 422204
Inspiral 241.12 1 460 431491
Inspiral 363.08 1 460 176022
Inspiral 306.12 1 460 168257
Inspiral 262.82 1 460 183446
Inspiral 479.56 1 460 445459
Inspiral 503.24 1 460 293533
Inspiral 486.32 1 460 257050
Inspiral 665.6 1 460 356206
Inspiral 419.92 1 460 222822
Inspiral 634.12 1 460 466086
Inspiral 646.91 1 460 466981
Inspiral 499.56 1 460 322072
Inspiral 577.61 1 460 189366
Inspiral 436.66 1 460 322825
Inspiral 293.71 1 460 281423
Inspiral 303.02 1 461 275000
Inspiral 294.03 1 461 343775
Inspiral 542.41 1 461 275889
Inspiral 288.75 1 461 350094
Inspiral 462.16 1 461 351941
Inspiral 635.63 1 461 370684
Inspiral 404.66 1 461 189637
Inspiral 461.86 1 461 184064
Inspiral 417.25 1 461 162283
Inspiral 678.93 1 461 217652
Inspiral 556.24 1 461 418136
Inspiral 436.22 1 461 161761
Inspiral 556.55 1 461 351347
Inspiral 273.18 1 461 283769
Inspiral 487.53 1 461 311152
Inspiral 506.07 1 461 385222
Inspiral 504.67 1 461 197094
Inspiral 356.35 1 461 381936
Inspiral 446.92 1 462 321630
Inspiral 373.72 1 462 296581
Inspiral 539.4 1 462 382739
Inspiral 587.25 1 462 459099
Inspiral 668.35 1 462 432056
Inspiral 375.6 1 462 233496
Inspiral 500.12 1 462 427005
Inspiral 488.82 1 462 296698
Inspiral 339.34 1 462 173438
Inspiral 576.39 1 462 407253
Inspiral 271.02 1 462 195707
Inspiral 463.03 1 462 425679
Inspiral 332.56 1 462 204488
Inspiral 476.82 1 462 274944
Inspiral 478.77 1 463 303343
Inspiral 679.64 1 463 286487
Inspiral 484.97 1 463 202911
Inspiral 253.21 1 463 393473
Inspiral 349.21 1 463 289929
Inspiral 547.52 1 463 354785
Inspiral 452.15 1 463 257142
Inspiral 351.23 1 463 324086
Inspiral 333.41 1 463 437946
Inspiral 413.01 1 463 291566
Inspiral 613.41 1 463 259073
Inspiral 508.46 1 463 336230
Inspiral 549.58 1 463 314754
Inspiral 407.89 1 464 455201
Inspiral 531.56 1 464 323664
Inspiral 460.93 1 464 240756
Inspiral 658.14 1 464 201758
Inspiral 457.75 1 464 184465
Inspiral 262.11 1 464 390569
Inspiral 641.75 1 464 251946
Inspiral 372.09 1 464 454512
Inspiral 377.36 1 464 238356
Inspiral 528.16 1 464 254201
Inspiral 323.64 1 464 289406
Inspiral 588.06 1 464 164938
Inspiral 518.87 1 465 173393
Inspiral 550.38 1 465 224074
Inspiral 613.28 1 465 452293
Inspiral 381.16 1 465 445759
Inspiral 591.12 1 465 381413
Inspiral 599.45 1 465 332424
Inspiral 321.4 1 465 426463
Inspiral 615.87 1 465 238565
Inspiral 545.11 1 465 323276
Inspiral 478.52 1 465 224224
Inspiral 355.93 1 465 290577
Inspiral 384.66 1 466 438793
Inspiral 240.12 1 466 156668
Inspiral 497.39 1 466 170787
Inspiral 549.75 1 466 312067
Inspiral 331.59 1 466 431256
Inspiral 395.42 1 466 284506
Inspiral 636.51 1 466 434970
Inspiral 337.37 1 466 330908
Inspiral 608.35 1 466 433842
Inspiral 625.82 1 466 347882
Inspiral 311.95 1 467 199920
Inspiral 590.99 1 467 347240
Inspiral 511.72 1 467 182895
Inspiral 241.44 1 467 159043
Inspiral 251.79 1 467 205813
Inspiral 392.78 1 467 216199
Inspiral 523.78 1 467 363977
Inspiral 509.34 1 467 419143
Inspiral 579.26 1 467 426340
Inspiral 350.99 1 468 315901
Inspiral 421.1 1 468 394868
Inspiral 431.99 1 468 430629
Inspiral 317.28 1 468 337471
Inspiral 547.95 1 468 394970
Inspiral 370.08 1 468 264771
Inspiral 366.77 1 468 233932
Inspiral 576.6 1 468 377980
Inspiral 310.4 1 468 213126
Inspiral 458.72 1 469 424483
Inspiral 540.52 1 469 308023
Inspiral 684.22 1 469 242759
Inspiral 661.16 1 469 306248
Inspiral 334.92 1 469 246584
Inspiral 279.43 1 469 404567
Inspiral 437.73 1 469 231602
Inspiral 332.92 1 469 186560
Inspiral 301.12 1 469 208405
Inspiral 641.26 1 470 228422
Inspiral 644.53 2 470 174662 471 383516
Inspiral 581.34 2 470 244968 471 308985
Inspiral 565.43 2 470 390386 471 338872
Inspiral 295.06 3 470 263425 471 225773 472 413910
Inspiral 256.97 4 470 336502 471 388791 472 212692 473 263686
Inspiral 461.65 5 470 177624 471 271926 472 394865 473 163090 474 366522
Inspiral 343.36 5 470 417426 471 259190 472 237810 473 249711 474 320963
Inspiral 452.43 7 471 353526 472 444590 473 293789 474 455205 475 167474 476 382672 477 228509
Thinca 5.16 40 478 18138 479 22662 480 49514 481 24917 482 20231 483 28048 484 40454 485 26578 486 43976 487 49659 488 44736 489 42695 490 40186 491 19266 492 23239 493 28202 494 23948 495 41955 496 21003 497 38683 498 47933 499 19762 500 19947 501 38531 502 35126 503 46763 504 36895 505 39422 506 47898 507 49193 508 48318 509 34056 510 46693 511 16914 512 29740 513 37787 514 27202 515 23019 516 34357 517 25627
Thinca 5.31 39 518 35613 519 36778 520 36443 521 29409 522 50065 523 44349 524 45994 525 48218 526 41895 527 41126 528 44707 529 20893 530 49282 531 30980 532 41409 533 20408 534 43638 535 23369 536 35785 537 36347 538 20375 539 32823 540 24398 541 49413 542 22804 543 30441 544 42615 545 38504 546 39576 547 47025 548 43050 549 27612 550 39640 551 21332 552 29395 553 35740 554 47242 555 33979 556 24553
Thinca 5.2 36 557 44152 558 16998 559 34342 560 47643 561 34782 562 26832 563 28903 564 33654 565 27995 566 19342 567 21103 568 50440 569 18518 570 40964 571 22858 572 21651 573 24118 574 22863 575 47060 576 40971 577 41824 578 32535 579 18924 580 48113 581 29249 582 26205 583 20855 584 25175 585 32038 586 19028 587 18962 588 34817 589 47918 590 41418 591 22169 592 40638
Thinca 5.17 18 593 38414 594 47411 595 34170 596 18843 597 32806 598 32819 599 45778 600 31746 601 29758 602 32095 603 30432 604 34843 605 42684 606 31151 607 37766 608 30838 609 31798 610 39292
Thinca 5.68 14 611 35659 612 46092 613 45016 614 48408 615 26431 616 31427 617 22943 618 37477 619 45847 620 20421 621 26629 622 29229 623 46026 624 25424
Thinca 5.1 13 625 23373 626 44840 627 25653 628 23182 629 23290 630 19675 631 36236 632 33250 633 43270 634 41684 635 38198 636 26107 637 44123
Thinca 5.57 12 638 40021 639 23308 640 26607 641 44114 642 37493 643 40193 644 18502 645 17922 646 29635 647 20961 648 18310 649 48511
Thinca 5.27 11 650 32351 651 42603 652 38584 653 29447 654 41689 655 45553 656 46484 657 28002 658 47729 659 46038 660 45839
Thinca 5.22 10 661 38226 662 42133 663 27517 664 36571 665 18987 666 42891 667 44987 668 36587 669 37152 670 46342
Thinca 5.5 9 671 47399 672 31410 673 32154 674 37086 675 41499 676 33826 677 32354 678 37910 679 24545
Thinca 4.95 9 680 35055 681 37136 682 34673 683 29629 684 38938 685 43618 686 24977 687 28753 688 39685
Thinca 5.3 9 689 46289 690 39950 691 38849 692 44311 693 45443 694 39724 695 21001 696 49768 697 44019
Thinca 5.26 8 698 1 699 1 700 1 701 1 702 1 703 1 704 1 705 1
Thinca 5.25 16 698 39368 699 37024 700 36984 701 39617 702 17958 703 42582 704 19276 705 47211 706 46451 707 25656 708 26580 709 34661 710 23785 711 34041 712 39698 713 31986
Thinca 4.82 5 714 25889 715 26283 716 20338 717 41970 718 23242
Thinca 5.17 4 719 1 720 1 721 1 722 1
Thinca 5.67 7 719 28202 720 49386 721 34785 722 21570 723 25840 724 39433 725 26802
Thinca 5.44 1 726 1
Thinca 5.33 1 727 1
Thinca 5.34 3 726 25397 727 47534 728 45723
TrigBank 5.07 1 729 17094
TrigBank 4.88 1 730 10024
TrigBank 4.98 1 731 10876
TrigBank 5.25 1 732 12743
TrigBank 5.53 1 733 18053
TrigBank 5.31 1 734 15765
TrigBank 5.37 1 735 9633
TrigBank 5.19 1 736 8727
TrigBank 5.44 1 737 11740
TrigBank 4.9 1 738 12873
TrigBank 5.37 1 739 12786
TrigBank 5.39 1 740 12373
TrigBank 5.04 1 741 10543
TrigBank 5.13 1 742 12825
TrigBank 4.91 1 743 11822
TrigBank 4.89 1 744 11182
TrigBank 5.37 1 745 14884
TrigBank 5.19 1 746 10610
TrigBank 5.06 1 747 12263
TrigBank 5.4 1 748 19009
TrigBank 5.38 1 749 16186
TrigBank 4.28 1 750 18225
TrigBank 5.35 1 751 9465
TrigBank 5.48 1 752 11386
TrigBank 4.73 1 753 9050
TrigBank 5.12 1 754 7530
TrigBank 5.64 1 755 16570
TrigBank 4.64 1 756 11232
TrigBank 5.23 1 757 15444
TrigBank 4.79 1 758 11718
TrigBank 5.16 1 759 6847
TrigBank 4.71 1 760 19019
TrigBank 4.69 1 761 18401
TrigBank 4.7 1 762 11246
TrigBank 5.45 1 763 13419
TrigBank 5.22 1 764 16347
TrigBank 5.09 1 765 7846
TrigBank 5.29 1 766 14591
TrigBank 4.78 1 767 12893
TrigBank 5.25 1 768 15183
TrigBank 5.37 1 769 14402
TrigBank 4.72 1 770 15037
TrigBank 5.75 1 771 6949
TrigBank 5.22 1 772 15835
TrigBank 4.51 1 773 10309
TrigBank 4.9 1 774 8172
TrigBank 5.4 1 775 9811
TrigBank 5.1 1 776 11845
TrigBank 5.29 1 777 18558
TrigBank 4.58 1 778 11077
TrigBank 5.14 1 779 9711
TrigBank 5.24 1 780 16671
TrigBank 5.43 1 781 17159
TrigBank 5.48 1 782 8591
TrigBank 4.72 1 783 12396
TrigBank 5.12 1 784 13149
TrigBank 4.91 1 785 10859
TrigBank 4.69 1 786 14839
TrigBank 5.02 1 787 14229
TrigBank 5.4 1 788 13569
TrigBank 4.65 1 789 9085
TrigBank 5.56 1 790 19133
TrigBank 4.98 1 791 18721
TrigBank 5.11 1 792 19034
TrigBank 4.54 1 793 15008
TrigBank 4.55 1 794 7521
TrigBank 4.94 1 795 18372
TrigBank 5.3 1 796 11197
TrigBank 5.11 1 797 13939
TrigBank 5.17 1 798 9567
TrigBank 4.92 1 799 17544
TrigBank 5.39 1 800 8970
TrigBank 5.38 1 801 15733
TrigBank 5.16 1 802 8849
TrigBank 4.97 1 803 17386
TrigBank 5.32 1 804 11287
TrigBank 5.23 1 805 7579
TrigBank 5.29 1 806 15022
TrigBank 4.99 1 807 17928
TrigBank 5.32 1 808 14602
TrigBank 5.21 1 809 12746
TrigBank 4.82 1 810 11889
TrigBank 5.37 1 811 16248
TrigBank 4.63 1 812 18643
TrigBank 5.33 1 813 10655
TrigBank 4.97 1 814 8800
TrigBank 4.77 1 815 15070
TrigBank 4.93 1 816 11136
TrigBank 5.67 1 817 17567
TrigBank 5.25 1 818 9965
TrigBank 4.41 1 819 12698
TrigBank 5.28 1 820 11528
TrigBank 5.67 1 821 12791
TrigBank 4.87 1 822 16454
TrigBank 5 1 823 14836
TrigBank 4.94 1 824 14128
TrigBank 5.12 1 825 8522
TrigBank 5.18 1 826 16166
TrigBank 5.32 1 827 11476
TrigBank 5.46 1 828 8838
TrigBank 4.74 1 829 16854
TrigBank 4.86 1 830 14089
TrigBank 5.14 1 831 14404
TrigBank 4.9 1 832 18748
TrigBank 4.48 1 833 8036
TrigBank 5.45 1 834 11066
TrigBank 4.65 1 835 7483
TrigBank 4.74 1 836 10908
TrigBank 5.1 1 837 17076
TrigBank 5.89 1 838 10966
TrigBank 5.27 1 839 6423
TrigBank 5.23 1 840 8907
TrigBank 5.22 1 841 16264
TrigBank 4.6 1 842 7822
TrigBank 5.12 1 843 8036
TrigBank 4.71 1 844 11290
TrigBank 4.77 1 845 11310
TrigBank 5.64 1 846 17356
TrigBank 5.34 1 847 6917
TrigBank 5.37 1 848 11085
TrigBank 4.86 1 849 17068
TrigBank 5.11 1 850 9772
TrigBank 5.3 1 851 18442
TrigBank 4.93 1 852 14823
TrigBank 4.88 1 853 14215
TrigBank 5.16 1 854 6508
TrigBank 5.11 1 855 11913
TrigBank 4.91 1 856 13410
TrigBank 5.43 1 857 13174
TrigBank 5.21 1 858 7133
TrigBank 5.92 1 859 11534
TrigBank 5.53 1 860 6949
TrigBank 5.19 1 861 12188
TrigBank 4.79 1 862 9074
TrigBank 5.46 1 863 10146
TrigBank 5.2 1 864 10504
TrigBank 5.56 1 865 12518
TrigBank 5.48 1 866 13407
TrigBank 5.01 1 867 16574
TrigBank 5.36 1 868 15854
TrigBank 5.12 1 869 16715
TrigBank 4.64 1 870 10165
TrigBank 5.44 1 871 15749
TrigBank 5.26 1 872 13155
TrigBank 4.87 1 873 13197
TrigBank 5.06 1 874 13806
TrigBank 5.02 1 875 18573
TrigBank 5.58 1 876 10224
TrigBank 5.36 1 877 12903
TrigBank 5.14 1 878 6954
TrigBank 5.38 1 879 14030
TrigBank 4.36 1 880 14359
TrigBank 5.02 1 881 9486
TrigBank 4.62 1 882 12101
TrigBank 5.53 1 883 13550
TrigBank 5.15 1 884 17014
TrigBank 5.31 1 885 14969
TrigBank 5.19 1 886 10443
TrigBank 5.46 1 887 16012
TrigBank 5.1 1 888 7420
TrigBank 5.08 1 889 13426
TrigBank 5.13 1 890 10122
TrigBank 5.07 1 891 9117
TrigBank 4.56 1 892 15514
TrigBank 5.26 1 893 16528
TrigBank 4.89 1 894 6550
TrigBank 5.41 1 895 13476
TrigBank 5.27 1 896 9867
TrigBank 5.52 1 897 8669
TrigBank 5.02 1 898 16701
TrigBank 5.22 1 899 17817
TrigBank 5.02 1 900 12153
TrigBank 5.55 1 901 14129
TrigBank 4.64 1 902 14724
TrigBank 4.92 1 903 15077
TrigBank 4.78 1 904 12573
TrigBank 5.29 1 905 18157
TrigBank 5.11 1 906 13619
TrigBank 5.33 1 907 12094
TrigBank 5.16 1 908 10275
TrigBank 5.19 1 909 14392
TrigBank 5.13 1 910 18150
TrigBank 5.49 1 911 12900
TrigBank 4.99 1 912 9630
TrigBank 4.52 1 913 13155
TrigBank 5.34 1 914 9998
TrigBank 5.13 1 915 9039
TrigBank 4.9 1 916 13525
TrigBank 5.11 1 917 16261
TrigBank 5.01 1 918 10027
TrigBank 4.94 1 919 7425
TrigBank 5.65 1 920 18349
TrigBank 5.4 1 921 10759
TrigBank 4.94 1 922 13219
TrigBank 5.08 1 923 9385
TrigBank 4.82 1 924 16110
TrigBank 4.97 1 925 8949
TrigBank 4.42 1 926 13098
TrigBank 5.25 1 927 11944
TrigBank 4.79 1 928 15221
TrigBank 5.46 1 929 13370
TrigBank 5.41 1 930 11553
TrigBank 5.32 1 931 15717
TrigBank 5.76 1 932 6937
TrigBank 5.16 1 933 16954
TrigBank 4.94 1 934 10556
TrigBank 5.6 1 935 18300
TrigBank 5.57 1 936 13921
TrigBank 6.32 1 937 11885
TrigBank 5.44 1 938 13720
TrigBank 5.07 1 939 18473
TrigBank 5.2 1 940 9399
TrigBank 4.95 1 941 17453
TrigBank 5.02 1 942 14464
TrigBank 4.77 1 943 14266
TrigBank 5.14 1 944 19122
TrigBank 5.39 1 945 6822
TrigBank 5.36 1 946 16790
TrigBank 4.23 1 947 10668
TrigBank 5.13 1 948 9164
TrigBank 5.39 1 949 17800
TrigBank 4.85 1 950 9912
TrigBank 5.81 1 951 18302
TrigBank 5.77 1 952 6802
TrigBank 5.33 1 953 10506
TrigBank 5.09 1 954 11975
TrigBank 5.21 1 955 8558
TrigBank 5.2 1 956 16051
TrigBank 5.52 1 957 9065
TrigBank 5.02 1 958 11960
TrigBank 4.75 1 959 14823
TrigBank 5 1 960 13938
TrigBank 5.36 1 961 9806
TrigBank 5.26 1 962 18972
TrigBank 4.25 1 963 17009
TrigBank 4.68 1 964 17504
TrigBank 4.86 1 965 10017
TrigBank 4.97 1 966 11541
TrigBank 4.69 1 967 15128
TrigBank 5.45 1 968 12400
TrigBank 5.27 1 969 13202
TrigBank 5.01 1 970 15277
TrigBank 5.1 1 971 10760
TrigBank 5.36 1 972 10494
TrigBank 5.32 1 973 11115
TrigBank 5.15 1 974 13712
TrigBank 4.96 1 975 13609
TrigBank 4.85 1 976 16004
TrigBank 4.55 1 977 12354
TrigBank 4.88 1 978 18776
TrigBank 4.56 1 979 8248
Inspiral 528.35 1 980 397893
Inspiral 408.08 1 980 456383
Inspiral 355.91 1 980 399847
Inspiral 360.95 1 980 275216
Inspiral 372.07 1 980 367344
Inspiral 443.09 1 980 265619
Inspiral 237.88 1 980 211441
Inspiral 563.82 1 980 176725
Inspiral 677.33 1 980 387931
Inspiral 507.37 1 980 196383
Inspiral 355.4 1 980 225394
Inspiral 490.96 1 980 333445
Inspiral 561.18 1 980 289667
Inspiral 334.96 1 980 222271
Inspiral 252.86 1 980 165877
Inspiral 506.85 1 980 408156
Inspiral 609.16 1 980 403896
Inspiral 577.85 1 980 444258
Inspiral 407.07 1 980 348279
Inspiral 319.36 1 980 468291
Inspiral 326.46 1 980 166166
Inspiral 443.13 1 980 209031
Inspiral 433.59 1 980 207565
Inspiral 534.17 1 980 378108
Inspiral 325.41 1 980 312079
Inspiral 689.97 1 980 297413
Inspiral 378.8 1 980 444533
Inspiral 626.23 1 980 397740
Inspiral 482.94 1 980 177695
Inspiral 324.7 1 980 462246
Inspiral 676.09 1 980 169873
Inspiral 514.28 1 980 439155
Inspiral 582.52 1 980 424330
Inspiral 285.09 1 980 231618
Inspiral 368.84 1 980 265809
Inspiral 682.17 1 980 230727
Inspiral 517.89 1 980 383876
Inspiral 640.29 1 980 326825
Inspiral 461.81 1 980 315383
Inspiral 472.82 1 980 180078
Inspiral 589.24 1 981 358364
Inspiral 562.8 1 981 274360
Inspiral 481.25 1 981 205908
Inspiral 249.5 1 981 226147
Inspiral 257.27 1 981 447947
Inspiral 566.24 1 981 223833
Inspiral 262.39 1 981 262591
Inspiral 503.89 1 981 449274
Inspiral 680.2 1 981 429625
Inspiral 448.55 1 981 301164
Inspiral 587.88 1 981 312597
Inspiral 448.7 1 981 186041
Inspiral 555.81 1 981 204316
Inspiral 613.61 1 981 162823
Inspiral 387.17 1 981 340817
Inspiral 503.92 1 981 368686
Inspiral 261.66 1 981 192627
Inspiral 578.69 1 981 162767
Inspiral 322.27 1 981 290347
Inspiral 318.59 1 981 439305
Inspiral 518.21 1 981 179334
Inspiral 649.97 1 981 386620
Inspiral 492.55 1 981 306267
Inspiral 513.86 1 981 358148
Inspiral 395.19 1 981 443128
Inspiral 546.07 1 981 299641
Inspiral 461.36 1 981 212562
Inspiral 648.5 1 981 355736
Inspiral 234.7 1 981 377473
Inspiral 614.96 1 981 237316
Inspiral 239.94 1 981 412151
Inspiral 472.84 1 981 310983
Inspiral 340.6 1 981 376297
Inspiral 351.22 1 981 410987
Inspiral 566.8 1 981 276373
Inspiral 514.54 1 981 234901
Inspiral 395.35 1 981 181401
Inspiral 560.49 1 981 438630
Inspiral 662.32 1 981 303376
Inspiral 357.29 1 982 316695
Inspiral 639.81 1 982 292191
Inspiral 567.83 1 982 365490
Inspiral 606.77 1 982 380916
Inspiral 280.05 1 982 252981
Inspiral 332.84 1 982 276613
Inspiral 462.36 1 982 386002
Inspiral 231.32 1 982 400168
Inspiral 504.31 1 982 288725
Inspiral 321.87 1 982 351546
Inspiral 337.1 1 982 259553
Inspiral 242.45 1 982 236827
Inspiral 372.57 1 982 443074
Inspiral 614.03 1 982 390732
Inspiral 410.17 1 982 457932
Inspiral 532.79 1 982 468264
Inspiral 637.5 1 982 335711
Inspiral 381.57 1 982 398982
Inspiral 416.88 1 982 290864
Inspiral 367.12 1 982 398300
Inspiral 688.47 1 982 172209
Inspiral 571.24 1 982 457229
Inspiral 673.44 1 982 233808
Inspiral 495.03 1 982 173794
Inspiral 364.37 1 982 339141
Inspiral 334.97 1 982 289358
Inspiral 519.17 1 982 425219
Inspiral 506.54 1 982 162022
Inspiral 521 1 982 260502
Inspiral 631.41 1 982 246392
Inspiral 473.57 1 982 285096
Inspiral 684.43 1 982 452822
Inspiral 564.43 1 982 265830
Inspiral 503.29 1 982 256644
Inspiral 560.37 1 982 350170
Inspiral 389.72 1 982 158553
Inspiral 381.01 1 983 336182
Inspiral 360.99 1 983 371761
Inspiral 274.51 1 983 291700
Inspiral 405.02 1 983 325124
Inspiral 599.01 1 983 374421
Inspiral 451.26 1 983 273241
Inspiral 498.83 1 983 261372
Inspiral 434.46 1 983 231931
Inspiral 363.82 1 983 297205
Inspiral 490.1 1 983 396880
Inspiral 455.95 1 983 197766
Inspiral 610.13 1 983 378369
Inspiral 362.08 1 983 445737
Inspiral 375.98 1 983 242154
Inspiral 337.14 1 983 432198
Inspiral 676.98 1 983 384138
Inspiral 266.77 1 983 207715
Inspiral 391.11 1 983 254754
Inspiral 680.47 1 984 260345
Inspiral 472.9 1 984 301515
Inspiral 679.61 1 984 412026
Inspiral 658.65 1 984 369070
Inspiral 489.92 1 984 327868
Inspiral 347.66 1 984 246117
Inspiral 434.3 1 984 157893
Inspiral 618.03 1 984 261347
Inspiral 603.59 1 984 411541
Inspiral 341.78 1 984 349261
Inspiral 487.89 1 984 269457
Inspiral 387.3 1 984 190334
Inspiral 263.14 1 984 278292
Inspiral 501.08 1 984 161179
Inspiral 551.52 1 985 244728
Inspiral 319.53 1 985 381691
Inspiral 489.32 1 985 317873
Inspiral 324.77 1 985 324083
Inspiral 526.12 1 985 332213
Inspiral 368.51 1 985 304274
Inspiral 429.84 1 985 340236
Inspiral 272.41 1 985 291587
Inspiral 579.46 1 985 163506
Inspiral 240.36 1 985 464388
Inspiral 382.39 1 985 293802
Inspiral 420.35 1 985 168400
Inspiral 304.02 1 985 382537
Inspiral 537.19 1 986 194616
Inspiral 662.63 1 986 442855
Inspiral 414 1 986 380092
Inspiral 262.97 1 986 180271
Inspiral 652.45 1 986 327867
Inspiral 374.36 1 986 371460
Inspiral 680.5 1 986 291560
Inspiral 571.56 1 986 398436
Inspiral 547.84 1 986 272562
Inspiral 262.89 1 986 182522
Inspiral 481.61 1 986 202626
Inspiral 576.59 1 986 388560
Inspiral 664.71 1 987 373091
Inspiral 622.54 1 987 367197
Inspiral 311.72 1 987 378944
Inspiral 409.91 1 987 267819
Inspiral 335.64 1 987 232656
Inspiral 641.9 1 987 281306
Inspiral 233.73 1 987 461191
Inspiral 422.03 1 987 218626
Inspiral 448.51 1 987 348060
Inspiral 359.65 1 987 175277
Inspiral 526.18 1 987 233811
Inspiral 602.56 1 988 380172
Inspiral 394.43 1 988 244182
Inspiral 492.77 1 988 352063
Inspiral 663.67 1 988 354088
Inspiral 298.04 1 988 416922
Inspiral 299.95 1 988 467568
Inspiral 262.39 1 988 272790
Inspiral 677.84 1 988 251704
Inspiral 310.45 1 988 463585
Inspiral 329.22 1 988 213893
Inspiral 413.73 1 989 172560
Inspiral 453.21 1 989 181776
Inspiral 564.31 1 989 159995
Inspiral 467.7 1 989 386135
Inspiral 500.95 1 989 277911
Inspiral 231.07 1 989 372441
Inspiral 411.31 1 989 292782
Inspiral 443.46 1 989 205379
Inspiral 568.23 1 989 448521
Inspiral 432.62 1 990 194876
Inspiral 280.86 1 990 361608
Inspiral 526.09 1 990 384625
Inspiral 665.83 1 990 174748
Inspiral 590.84 1 990 257275
Inspiral 282.78 1 990 381029
Inspiral 348.27 1 990 206779
Inspiral 384.84 1 990 381513
Inspiral 364 1 990 216897
Inspiral 621.94 1 991 448598
Inspiral 442.05 1 991 320936
Inspiral 673.65 1 991 177342
Inspiral 595.1 1 991 192942
Inspiral 513.54 1 991 425956
Inspiral 334.17 1 991 189538
Inspiral 555.29 1 991 266199
Inspiral 302.58 1 991 349077
Inspiral 505.12 1 991 444117
Inspiral 331.15 1 992 405148
Inspiral 300.77 1 992 327224
Inspiral 370.83 1 992 231417
Inspiral 496.4 1 992 269429
Inspiral 451.62 1 992 298424
Inspiral 582.34 1 992 387991
Inspiral 423.09 1 992 269377
Inspiral 593.06 1 992 389351
Inspiral 596.96 1 993 371279
Inspiral 475.92 1 993 178146
Inspiral 393.26 1 993 434126
Inspiral 660.2 1 993 408530
Inspiral 572.31 1 993 407133
Inspiral 611.43 1 993 423958
Inspiral 445.53 1 993 181295
Inspiral 456.91 1 993 387679
Inspiral 448.08 1 994 267358
Inspiral 478.67 1 994 444473
Inspiral 305.2 1 994 468036
Inspiral 559.9 1 994 245766
Inspiral 634.32 1 994 203723
Inspiral 462.16 1 995 299357
Inspiral 231.74 1 995 414418
Inspiral 289.3 1 995 369906
Inspiral 295.61 1 995 333594
Inspiral 665.83 1 996 411232
Inspiral 344.22 1 996 163215
Inspiral 301.84 1 996 214291
Inspiral 665.72 1 997 298302
Inspiral 253.32 1 998 183799
Inspiral 601.87 1 999 242894
Thinca 5.55 0
Thinca 5.55 0
Thinca 5.55 0
Thinca 5.21 0
Thinca 5.72 0
Thinca 5.34 0
Thinca 5.51 0
Thinca 5.21 0
Thinca 5.44 0
Thinca 5.14 0
Thinca 5.39 0
Thinca 5.77 0
Thinca 5.5 0
Thinca 5.36 0
Thinca 5.34 0
Thinca 5.08 0
Thinca 5.61 0
Thinca 5.49 0
Thinca 5.28 0
Thinca 5.44 0
