100 0.9 106.08
mProjectPP 13.85 8 16 4157716 17 4165443 18 4160415 19 4171910 20 4167886 45 4165871 62 4169459 80 4181573
mProjectPP 13.11 15 16 4183167 20 4164523 21 4171124 22 4164308 23 4166789 24 4158911 25 4150384 26 4154593 27 4159635 28 4165076 38 4161093 39 4169672 55 4159169 68 4156674 81 4145069
mProjectPP 13.42 6 29 4163104 30 4158673 35 4184913 46 4183471 73 4154767 82 4148062
mProjectPP 13.3 10 21 4160478 29 4157888 31 4166458 32 4143864 33 4170320 34 4173699 47 4158842 56 4158169 74 4160468 83 4168932
mProjectPP 13.16 7 35 4146308 36 4193984 37 4158906 40 4179678 49 4165813 65 4170936 84 4175052
mProjectPP 13.57 4 38 4157375 57 4156769 69 4162742 85 4168253
mProjectPP 13.25 9 22 4149715 30 4154926 39 4170651 40 4162077 41 4169945 42 4162840 43 4168959 44 4163301 86 4150555
mProjectPP 13.65 10 23 4151438 31 4164166 45 4180044 46 4173202 47 4166419 48 4182535 50 4146997 58 4165057 70 4178510 87 4167576
mProjectPP 13.63 10 24 4158069 41 4180143 49 4163934 50 4139936 51 4149557 52 4167198 53 4176316 63 4161045 75 4159531 88 4169285
mProjectPP 13.7 5 17 4162206 25 4174868 42 4165169 54 4160230 89 4163564
mProjectPP 13.55 10 43 4156691 52 4171439 55 4158752 56 4163477 57 4158554 58 4162770 59 4174310 60 4153783 61 4180931 90 4150193
mProjectPP 13.81 8 18 4164317 48 4156756 53 4153086 62 4161623 63 4178771 64 4156068 76 4150417 91 4171380
mProjectPP 13.62 9 26 4165693 32 4174424 36 4160788 44 4169209 65 4147534 66 4159193 67 4161958 71 4157504 92 4166972
mProjectPP 13.36 11 19 4158003 27 4154080 33 4172690 37 4164034 60 4167926 68 4161735 69 4157783 70 4166093 71 4149490 72 4168911 93 4176164
mProjectPP 13.17 4 61 4160320 64 4149368 77 4169477 94 4175565
mProjectPP 13.58 9 28 4159619 34 4155723 67 4169560 73 4157920 74 4181429 75 4155665 76 4167789 77 4163597 95 4165493
mDiffFit 10.57 1 78 1
mDiffFit 10.6 1 78 1
mDiffFit 10.58 1 78 1
mDiffFit 10.64 1 78 1
mDiffFit 10.45 1 78 1
mDiffFit 10.64 1 78 1
mDiffFit 10.58 1 78 1
mDiffFit 10.74 1 78 1
mDiffFit 10.61 1 78 1
mDiffFit 10.58 1 78 1
mDiffFit 10.67 1 78 1
mDiffFit 10.67 1 78 1
mDiffFit 10.57 1 78 1
mDiffFit 10.74 1 78 1
mDiffFit 10.91 1 78 1
mDiffFit 10.55 1 78 1
mDiffFit 10.49 1 78 1
mDiffFit 10.61 1 78 1
mDiffFit 10.53 1 78 1
mDiffFit 10.53 1 78 1
mDiffFit 10.67 1 78 1
mDiffFit 10.54 1 78 1
mDiffFit 10.41 1 78 1
mDiffFit 10.58 1 78 1
mDiffFit 10.51 1 78 1
mDiffFit 10.77 1 78 1
mDiffFit 10.46 1 78 1
mDiffFit 10.4 1 78 1
mDiffFit 10.54 1 78 1
mDiffFit 10.56 1 78 1
mDiffFit 10.62 1 78 1
mDiffFit 10.59 1 78 1
mDiffFit 10.48 1 78 1
mDiffFit 10.69 1 78 1
mDiffFit 10.65 1 78 1
mDiffFit 10.55 1 78 1
mDiffFit 10.66 1 78 1
mDiffFit 10.55 1 78 1
mDiffFit 10.56 1 78 1
mDiffFit 10.47 1 78 1
mDiffFit 10.48 1 78 1
mDiffFit 10.51 1 78 1
mDiffFit 10.59 1 78 1
mDiffFit 10.72 1 78 1
mDiffFit 10.49 1 78 1
mDiffFit 10.64 1 78 1
mDiffFit 10.46 1 78 1
mDiffFit 10.35 1 78 1
mDiffFit 10.64 1 78 1
mDiffFit 10.59 1 78 1
mDiffFit 10.72 1 78 1
mDiffFit 10.57 1 78 1
mDiffFit 10.61 1 78 1
mDiffFit 10.66 1 78 1
mDiffFit 10.77 1 78 1
mDiffFit 10.43 1 78 1
mDiffFit 10.79 1 78 1
mDiffFit 10.65 1 78 1
mDiffFit 10.49 1 78 1
mDiffFit 10.61 1 78 1
mDiffFit 10.47 1 78 1
mDiffFit 10.65 1 78 178931
mConcatFit 4.96 1 79 13017
mBgModel 5.34 16 80 850 81 850 82 850 83 850 84 850 85 850 86 850 87 850 88 850 89 850 90 850 91 850 92 850 93 850 94 850 95 850
mBackground 10.88 1 96 4181573
mBackground 10.96 1 96 4145069
mBackground 10.61 1 96 4148062
mBackground 10.73 1 96 4168932
mBackground 10.66 1 96 4175052
mBackground 10.49 1 96 4168253
mBackground 10.9 1 96 4150555
mBackground 10.75 1 96 4167576
mBackground 10.72 1 96 4169285
mBackground 10.86 1 96 4163564
mBackground 10.74 1 96 4150193
mBackground 10.69 1 96 4171380
mBackground 10.74 1 96 4166972
mBackground 10.69 1 96 4176164
mBackground 10.73 1 96 4175565
mBackground 10.78 1 96 4165493
mImgTbl 7.63 1 97 5734
mAdd 9.6 1 98 69432167
mShrink 6.91 1 99 2778398
mJPEG 0.83 0
