50 0.9 83.64
mProjectPP 13.08 9 8 4161238 9 4143966 10 4155521 11 4185551 12 4162779 13 4162424 24 4154489 27 4152519 38 4162470
mProjectPP 13.48 9 9 4154331 13 4169022 14 4161972 15 4169468 16 4171205 17 4157076 20 4164219 28 4168356 39 4172520
mProjectPP 13.55 6 10 4146522 15 4143502 18 4169406 19 4156149 32 4156921 40 4155227
mProjectPP 13.31 10 11 4169621 19 4159853 20 4177908 21 4158714 22 4162873 23 4149016 25 4147415 29 4190630 33 4162382 41 4154656
mProjectPP 13.43 7 16 4168548 22 4168212 24 4146371 25 4149518 26 4170054 31 4154414 42 4165471
mProjectPP 13.6 8 12 4165516 23 4157773 27 4159304 28 4151363 29 4163403 30 4158342 34 4172887 43 4142911
mProjectPP 13.6 3 30 4158282 31 4158312 44 4153325
mProjectPP 13.17 6 17 4160080 32 4159410 33 4158314 34 4157868 35 4131118 45 4146119
mDiffFit 10.65 1 36 1
mDiffFit 10.68 1 36 1
mDiffFit 10.69 1 36 1
mDiffFit 10.78 1 36 1
mDiffFit 10.56 1 36 1
mDiffFit 10.59 1 36 1
mDiffFit 10.7 1 36 1
mDiffFit 10.54 1 36 1
mDiffFit 10.51 1 36 1
mDiffFit 10.71 1 36 1
mDiffFit 10.48 1 36 1
mDiffFit 10.31 1 36 1
mDiffFit 10.63 1 36 1
mDiffFit 10.36 1 36 1
mDiffFit 10.6 1 36 1
mDiffFit 10.56 1 36 1
mDiffFit 10.28 1 36 1
mDiffFit 10.51 1 36 1
mDiffFit 10.41 1 36 1
mDiffFit 10.54 1 36 1
mDiffFit 10.64 1 36 1
mDiffFit 10.62 1 36 1
mDiffFit 10.65 1 36 1
mDiffFit 10.68 1 36 1
mDiffFit 10.69 1 36 1
mDiffFit 10.6 1 36 1
mDiffFit 10.56 1 36 1
mDiffFit 10.56 1 36 425541
mConcatFit 2.24 1 37 5878
mBgModel 4.2 8 38 425 39 425 40 425 41 425 42 425 43 425 44 425 45 425
mBackground 10.99 1 46 4162470
mBackground 10.66 1 46 4172520
mBackground 10.47 1 46 4155227
mBackground 10.53 1 46 4154656
mBackground 10.74 1 46 4165471
mBackground 10.49 1 46 4142911
mBackground 10.54 1 46 4153325
mBackground 10.42 1 46 4146119
mImgTbl 3.2 1 47 3558
mAdd 4.75 1 48 69693297
mShrink 4.88 1 49 2788847
mJPEG 1.22 0
