25 0.9 69.765
mProjectPP 13.39 4 5 4167312 6 4181449 8 4143677 16 4163084
mProjectPP 13.83 7 5 4171851 6 4185623 7 4155530 9 4150602 11 4170398 12 4155664 17 4161831
mProjectPP 13.36 4 8 4157122 9 4149806 10 4152397 18 4182323
mProjectPP 13.6 4 7 4174004 11 4173072 13 4163196 19 4170858
mProjectPP 13.78 3 12 4153521 13 4141389 20 4157647
mDiffFit 10.59 1 14 1
mDiffFit 10.59 1 14 1
mDiffFit 10.88 1 14 1
mDiffFit 10.81 1 14 1
mDiffFit 10.49 1 14 1
mDiffFit 10.51 1 14 1
mDiffFit 10.51 1 14 1
mDiffFit 10.62 1 14 1
mDiffFit 10.37 1 14 408404
mConcatFit 0.72 1 15 1889
mBgModel 1.42 5 16 265 17 265 18 265 19 265 20 265
mBackground 10.39 1 21 4163084
mBackground 10.64 1 21 4161831
mBackground 10.83 1 21 4182323
mBackground 10.93 1 21 4170858
mBackground 10.76 1 21 4157647
mImgTbl 1.39 1 22 1599
mAdd 3.03 1 23 4650961
mShrink 3.86 1 24 1861129
mJPEG 0.45 0
