1000 0.9 552.6899999999999
mProjectPP 13.41 7 166 4170293 167 4165761 217 4158523 299 4180266 307 4148436 514 4161371 830 4145890
mProjectPP 13.18 8 168 4174387 169 4164047 170 4154292 171 4167386 172 4161795 693 4178397 745 4159172 831 4155161
mProjectPP 13.42 16 173 4160202 174 4138390 175 4175078 176 4153980 177 4150088 178 4185649 179 4171861 180 4161262 208 4166006 305 4179071 454 4168677 515 4170325 625 4167183 691 4161970 804 4172108 832 4146055
mProjectPP 13.69 8 181 4154768 182 4153953 183 4150812 184 4164085 185 4137146 237 4148314 460 4156200 833 4173290
mProjectPP 13.92 8 186 4152827 187 4143942 188 4173878 189 4158278 409 4151395 659 4163241 823 4169670 834 4156427
mProjectPP 13.52 9 190 4167415 191 4175026 192 4154038 193 4170520 194 4153633 195 4141204 243 4151792 593 4172352 835 4165223
mProjectPP 13.23 4 196 4168183 197 4159266 354 4171733 836 4167403
mProjectPP 13.17 12 198 4173082 199 4160088 200 4159147 201 4155052 202 4152525 203 4161006 204 4152341 205 4138207 206 4165289 207 4167127 766 4169451 837 4160923
mProjectPP 13.65 7 208 4168550 209 4153271 210 4166423 211 4147419 212 4165914 230 4147811 838 4161246
mProjectPP 13.78 8 213 4174765 214 4170393 215 4151288 216 4163826 260 4154348 610 4164133 649 4147901 839 4157948
mProjectPP 13.19 13 217 4168066 218 4158044 219 4178604 220 4159091 221 4182249 222 4172241 294 4159908 484 4160066 644 4155358 687 4160122 746 4168409 783 4151801 840 4160063
mProjectPP 13.63 9 223 4178516 224 4165312 225 4150278 226 4184479 227 4179214 270 4165567 497 4181773 762 4177712 841 4153669
mProjectPP 13.71 7 173 4171738 181 4176411 228 4171605 229 4145333 590 4158862 601 4168965 842 4142086
mProjectPP 13.37 12 230 4178302 231 4164382 232 4165754 233 4144992 234 4155824 235 4151801 236 4155903 271 4166170 676 4154700 679 4154916 702 4163293 843 4158333
mProjectPP 13.68 9 237 4158911 238 4157599 239 4146337 240 4166442 241 4177533 242 4160165 559 4155456 825 4177264 844 4157256
mProjectPP 13.46 15 243 4161492 244 4160350 245 4152479 246 4168140 247 4148175 248 4169020 249 4167345 327 4161266 356 4155743 508 4162132 692 4160234 732 4160212 754 4154591 767 4168198 845 4183231
mProjectPP 13.48 6 250 4151680 402 4163248 498 4180645 560 4145382 575 4164673 846 4157724
mProjectPP 13.49 10 251 4159331 252 4147260 253 4155129 254 4154640 255 4159419 256 4159144 290 4157663 446 4144727 474 4192614 847 4168453
mProjectPP 13.52 6 257 4163390 258 4161626 259 4159836 516 4151579 747 4170520 848 4161294
mProjectPP 13.76 10 218 4159908 260 4167530 261 4161616 262 4157138 263 4160727 264 4184136 265 4185398 563 4155436 758 4166376 849 4152440
mProjectPP 13.78 8 213 4168506 266 4152241 267 4164675 268 4159098 269 4168863 426 4189366 537 4153769 850 4177874
mProjectPP 13.55 9 223 4166626 270 4166784 271 4150018 272 4156893 348 4154209 450 4173232 480 4171214 586 4169377 851 4159774
mProjectPP 13.92 11 174 4176075 198 4158711 273 4161121 274 4161592 275 4159302 276 4163177 349 4161077 451 4151805 544 4161460 772 4175686 852 4166194
mProjectPP 13.48 14 267 4157244 277 4175409 278 4172829 279 4164387 280 4150180 281 4172892 282 4159470 283 4155816 284 4167082 285 4168646 336 4169673 485 4151280 636 4171811 853 4141072
mProjectPP 13.81 7 286 4149100 287 4158744 288 4159108 289 4167222 651 4161479 759 4189181 854 4144895
mProjectPP 13.83 5 199 4167202 612 4165815 721 4156342 750 4171943 855 4153358
mProjectPP 13.37 9 290 4147086 291 4154130 292 4175207 293 4153898 486 4143566 530 4167499 626 4164166 805 4145382 856 4170935
mProjectPP 13.41 9 277 4166130 294 4149747 295 4136752 296 4160186 297 4174469 298 4151821 417 4178277 499 4177831 857 4140244
mProjectPP 13.44 6 286 4151639 299 4155358 300 4173827 301 4178003 302 4160100 858 4169056
mProjectPP 14.03 7 186 4168006 224 4162946 369 4149446 620 4170005 703 4164480 809 4161091 859 4139813
mProjectPP 13.31 9 219 4176995 261 4174303 303 4165807 304 4160793 551 4148318 668 4163768 700 4160572 800 4165019 860 4148352
mProjectPP 13.6 6 305 4155473 306 4140538 311 4158795 534 4153094 669 4161395 861 4171613
mProjectPP 13.46 9 295 4163582 307 4158956 308 4142738 309 4151377 310 4152038 556 4165352 726 4155775 806 4169182 862 4175692
mProjectPP 13.76 6 311 4150717 312 4163828 313 4160556 617 4161594 627 4158440 863 4172973
mProjectPP 13.67 7 220 4160647 314 4144619 315 4148794 316 4174789 317 4161754 606 4172517 864 4174721
mProjectPP 13.73 12 175 4159801 182 4163646 251 4162524 318 4169051 319 4180876 320 4161888 321 4186835 322 4158568 323 4165178 509 4144572 523 4158637 865 4163338
mProjectPP 13.53 9 324 4167426 325 4164249 326 4140278 421 4146191 545 4174493 645 4158796 677 4169259 710 4164342 866 4179043
mProjectPP 13.25 11 327 4172574 328 4156182 329 4156248 330 4160756 331 4158889 392 4150071 403 4150325 410 4151685 671 4159413 711 4145612 867 4153449
mProjectPP 13.88 7 318 4158429 332 4163853 333 4173885 334 4168239 335 4153691 628 4164543 868 4178593
mProjectPP 13.64 15 190 4166165 209 4157549 336 4176952 337 4146683 338 4161591 339 4165213 340 4156183 341 4138305 342 4151054 343 4164372 370 4149867 395 4159764 712 4153983 722 4166934 869 4138197
mProjectPP 13.22 9 231 4164784 328 4149728 344 4153515 345 4156511 346 4174640 347 4171768 381 4153643 773 4148673 870 4158238
mProjectPP 14.08 15 348 4171894 349 4175243 350 4156932 351 4162498 352 4158379 353 4165046 431 4160683 488 4159238 492 4167979 531 4143317 570 4156587 602 4132050 755 4156316 768 4160842 871 4163547
mProjectPP 13.57 8 354 4164579 355 4160152 393 4165669 493 4153888 587 4162056 591 4171539 630 4158249 872 4148273
mProjectPP 13.42 9 183 4156972 214 4159354 356 4150587 357 4170991 358 4179316 359 4154910 360 4166482 361 4171134 873 4173339
mProjectPP 13.49 9 200 4158003 244 4147266 287 4161885 296 4149722 362 4183935 363 4154604 427 4168367 607 4158130 874 4168825
mProjectPP 13.48 6 364 4162158 365 4173507 366 4163857 642 4174457 694 4163012 875 4161431
mProjectPP 13.95 7 303 4164079 367 4172782 368 4169728 654 4147036 717 4175860 787 4139682 876 4160018
mProjectPP 13.69 13 306 4161393 369 4149978 370 4154967 371 4159899 372 4154839 373 4170703 374 4164456 375 4186121 455 4183091 502 4151458 777 4160975 791 4166876 877 4165387
mProjectPP 13.81 10 319 4163984 376 4157428 377 4162342 378 4155840 379 4160290 380 4160063 383 4191945 751 4162622 774 4161975 878 4173373
mProjectPP 13.14 7 300 4158426 344 4166968 381 4171851 382 4152362 439 4165037 463 4168432 879 4149621
mProjectPP 13.08 11 168 4163396 383 4167229 384 4159584 385 4169962 386 4168954 387 4156818 388 4141119 546 4167413 548 4179951 796 4157409 880 4176046
mProjectPP 13.73 9 187 4157521 225 4152562 332 4166303 389 4176918 390 4162264 391 4147876 576 4158355 725 4166644 881 4138019
mProjectPP 13.69 6 226 4162958 392 4173411 393 4163384 394 4147098 780 4180144 882 4160505
mProjectPP 13.58 8 395 4149466 396 4163880 397 4170460 398 4164746 399 4152750 400 4149612 401 4162801 883 4167442
mProjectPP 13.47 7 402 4162357 403 4161707 404 4169615 405 4156257 517 4173116 718 4150140 884 4163595
mProjectPP 14.12 7 406 4170364 407 4161218 408 4155297 411 4172497 778 4152074 797 4174861 885 4172483
mProjectPP 13.18 11 273 4167331 288 4166652 409 4150097 410 4157665 411 4172111 412 4162978 413 4155684 418 4158574 660 4154263 798 4175641 886 4160244
mProjectPP 13.46 6 329 4143024 414 4156729 415 4152633 416 4164657 564 4176687 887 4154894
mProjectPP 13.59 9 324 4159678 350 4165217 376 4163237 417 4146047 418 4152875 419 4164096 456 4158478 812 4169909 888 4146809
mProjectPP 13.76 8 312 4177372 389 4167307 396 4161652 420 4143483 461 4145211 464 4153418 552 4165639 889 4140311
mProjectPP 13.64 8 412 4141995 421 4155035 422 4155702 423 4163034 424 4184098 425 4165540 813 4163561 890 4167079
mProjectPP 13.45 9 291 4177340 362 4157408 426 4165193 427 4165576 428 4146139 429 4159267 430 4166964 557 4151650 891 4162718
mProjectPP 13.14 7 308 4163352 320 4173288 431 4174315 432 4146784 733 4173180 817 4173472 892 4153902
mProjectPP 13.75 10 422 4169600 433 4139189 434 4159073 435 4178766 436 4171635 437 4149863 438 4164852 695 4157660 792 4167745 893 4160669
mProjectPP 13.52 11 321 4174608 439 4180444 440 4163890 441 4138522 442 4170638 443 4151691 444 4176920 445 4178846 489 4138359 494 4173986 894 4179208
mProjectPP 13.68 8 446 4163040 447 4159667 448 4150822 449 4172103 510 4159176 518 4169512 678 4167873 895 4177601
mProjectPP 13.61 8 176 4167489 357 4171679 450 4169771 451 4162503 452 4173828 453 4160133 608 4165071 896 4172351
mProjectPP 13.17 10 301 4167745 454 4167122 455 4170787 456 4194049 457 4151827 458 4163729 459 4166361 482 4165134 775 4170271 897 4159707
mProjectPP 14.16 5 377 4151099 477 4156684 708 4160804 738 4133855 898 4162939
mProjectPP 13.85 9 460 4158555 461 4163625 462 4151204 524 4172281 533 4157012 637 4170115 661 4158028 713 4167553 899 4144276
mProjectPP 13.61 8 169 4146933 325 4166985 463 4149942 464 4171153 465 4163480 466 4140146 595 4173896 900 4134714
mProjectPP 13.84 8 467 4177140 468 4156467 469 4172929 470 4159435 471 4165522 490 4184536 603 4146919 901 4167983
mProjectPP 13.92 8 232 4169379 414 4157298 457 4154255 472 4143118 473 4143236 739 4151571 769 4154142 902 4152411
mProjectPP 13.76 8 278 4156103 474 4167146 475 4158497 476 4160794 571 4146263 596 4138150 646 4173047 903 4162261
mProjectPP 13.5 11 215 4187902 467 4173127 477 4168467 478 4169377 479 4181270 519 4159880 525 4167241 549 4158362 704 4173224 814 4156943 904 4157433
mProjectPP 13.64 7 201 4165538 428 4159841 465 4152620 480 4149059 481 4169373 740 4155527 905 4152802
mProjectPP 13.62 6 482 4143068 483 4143083 588 4180839 752 4153537 760 4181355 906 4164006
mProjectPP 13.84 9 279 4150374 481 4167073 484 4166997 485 4157067 486 4154929 487 4161806 541 4172410 801 4149752 907 4152769
mProjectPP 13.8 9 257 4153531 309 4162005 314 4153787 338 4135355 351 4183485 488 4153016 489 4168140 490 4178140 908 4140027
mProjectPP 13.05 3 339 4172473 491 4179421 909 4163648
mProjectPP 13.14 11 184 4156798 492 4152959 493 4168696 494 4170671 495 4164892 496 4178616 511 4177285 535 4155068 581 4164341 709 4173564 910 4147115
mProjectPP 13.76 13 280 4183452 330 4161278 384 4175321 406 4158620 497 4166326 498 4154721 499 4162785 500 4170214 501 4154081 701 4152119 727 4125647 807 4175731 911 4162215
mProjectPP 13.83 9 202 4171190 352 4155420 397 4167447 502 4156214 503 4156606 504 4156469 505 4170435 810 4178737 912 4165456
mProjectPP 13.18 10 274 4153873 281 4168962 313 4150187 333 4174709 371 4136430 506 4163086 507 4153865 577 4167881 723 4163473 913 4151612
mProjectPP 13.55 10 302 4166157 458 4154974 508 4144031 509 4165186 510 4166802 511 4168751 512 4154118 513 4153581 631 4176519 914 4189141
mProjectPP 13.81 13 196 4157605 514 4174513 515 4155630 516 4162637 517 4156778 518 4143806 519 4170753 520 4143867 521 4156313 522 4165099 614 4132113 741 4161770 915 4167284
mProjectPP 13.27 12 523 4151479 524 4144762 525 4156884 526 4155985 527 4164331 528 4182968 529 4147452 565 4160994 599 4169452 652 4161303 655 4173259 916 4157754
mProjectPP 13.22 7 440 4166459 500 4167206 530 4154233 531 4154567 532 4158590 650 4164612 917 4162357
mProjectPP 13.79 6 210 4158511 245 4152956 487 4130208 533 4140052 753 4148006 918 4170719
mProjectPP 13.71 6 382 4160659 385 4167051 534 4166366 535 4164306 536 4167732 919 4169080
mProjectPP 13.37 9 378 4159788 420 4157784 537 4165268 538 4158611 539 4175416 540 4147817 621 4147264 696 4164569 920 4161127
mProjectPP 13.75 6 289 4161874 541 4167546 542 4167799 543 4156858 662 4154831 921 4157201
mProjectPP 13.56 7 177 4179850 544 4161034 545 4176078 546 4168837 547 4165725 638 4144304 922 4161364
mProjectPP 13.29 8 166 4143873 340 4154508 548 4160071 549 4163000 550 4156007 665 4170540 742 4172294 923 4158883
mProjectPP 13.66 10 191 4161285 227 4166873 252 4162006 551 4159381 552 4158977 553 4163440 554 4157698 555 4166752 728 4174420 924 4166487
mProjectPP 13.56 4 390 4171028 556 4160958 622 4165063 925 4154405
mProjectPP 13.49 5 292 4159260 557 4168657 558 4177526 815 4172861 926 4154228
mProjectPP 13.81 8 272 4166333 372 4169900 559 4170206 560 4162545 561 4169182 562 4166889 748 4142222 927 4156724
mProjectPP 13.36 10 345 4159595 503 4139701 563 4156260 564 4154322 565 4149728 566 4157868 567 4159711 568 4151182 569 4180385 928 4162374
mProjectPP 13.46 12 398 4163265 570 4162993 571 4157068 572 4163925 573 4164997 574 4149293 632 4165601 639 4148895 734 4161301 749 4150223 788 4162905 929 4157322
mProjectPP 13.69 9 575 4168315 576 4173517 577 4138150 578 4160538 579 4160973 580 4156949 609 4158436 735 4157580 930 4152435
mProjectPP 13.68 12 203 4157000 238 4149805 404 4153137 526 4138718 558 4154280 581 4165539 582 4160858 583 4164636 584 4171575 585 4173457 683 4164629 931 4158412
mProjectPP 13.72 10 373 4158784 441 4159922 572 4159031 586 4165468 587 4160388 588 4168852 589 4169551 647 4163033 743 4161779 932 4153487
mProjectPP 13.74 9 170 4170651 185 4171781 246 4160872 590 4153393 591 4167364 592 4164418 672 4170163 824 4166488 933 4156453
mProjectPP 13.5 7 468 4159226 504 4155525 593 4163823 594 4168909 756 4144923 781 4171593 934 4164312
mProjectPP 13.87 11 178 4177096 204 4157701 415 4165385 553 4154893 592 4163777 595 4162064 596 4169814 597 4160304 598 4194139 808 4149368 935 4168613
mProjectPP 13.7 7 561 4168882 597 4148996 599 4155614 600 4153678 670 4165044 789 4180803 936 4167581
mProjectPP 13.48 8 566 4163059 601 4169445 602 4167923 603 4150773 604 4158128 605 4162391 802 4178889 937 4151765
mProjectPP 13.56 9 262 4190349 297 4187688 501 4181274 606 4174081 607 4150081 608 4159410 609 4167078 656 4163938 938 4170926
mProjectPP 14.23 8 211 4145741 239 4157456 263 4166825 432 4163757 573 4163024 610 4147415 611 4169385 939 4169255
mProjectPP 13.63 7 379 4165660 407 4156332 612 4158604 613 4154741 653 4167062 673 4169342 940 4161504
mProjectPP 13.95 8 247 4164221 264 4149220 614 4168998 615 4168936 616 4165150 657 4159302 822 4164429 941 4166563
mProjectPP 13.74 5 506 4175296 617 4152164 618 4171828 619 4150160 942 4144437
mProjectPP 13.36 10 240 4172728 472 4178625 532 4156258 604 4155373 620 4145619 621 4160606 622 4164855 623 4155928 624 4144449 943 4175537
mProjectPP 13.31 11 258 4159897 341 4170104 386 4172611 423 4156485 623 4153248 625 4167763 626 4167979 627 4161331 628 4155411 629 4150222 944 4183956
mProjectPP 13.76 14 216 4164736 282 4180693 394 4144406 527 4173842 538 4153388 542 4156032 615 4163000 630 4158448 631 4152886 632 4175817 633 4189000 634 4158456 635 4162691 945 4181486
mProjectPP 13.82 11 259 4155977 275 4161450 633 4156786 636 4146474 637 4154476 638 4178664 639 4150670 640 4167868 641 4163377 688 4158278 946 4167062
mProjectPP 13.38 9 253 4148435 293 4173419 387 4175849 512 4155967 528 4169570 642 4151770 643 4150313 818 4171108 947 4160738
mProjectPP 13.3 9 233 4156295 334 4160014 391 4166750 644 4163850 645 4171081 646 4165900 647 4172761 648 4160941 948 4170450
mProjectPP 13.51 9 188 4167225 192 4156908 478 4144993 491 4178421 495 4167987 634 4147146 649 4145081 650 4185225 949 4156531
mProjectPP 13.53 10 250 4166674 265 4144600 459 4153405 651 4138610 652 4159742 653 4151051 705 4157194 714 4174945 819 4153373 950 4171330
mProjectPP 13.2 15 315 4147788 358 4159800 364 4181335 554 4168303 618 4158767 629 4160239 654 4152045 655 4169747 656 4165322 657 4165416 658 4154917 680 4134277 736 4158544 776 4147500 951 4169783
mProjectPP 13.34 10 447 4166713 520 4159783 589 4152913 659 4146345 660 4171823 661 4173953 662 4157521 663 4166107 664 4183846 952 4139846
mProjectPP 13.31 13 283 4150688 365 4159968 433 4155572 574 4166167 598 4155636 611 4148809 665 4183605 666 4158851 667 4152878 697 4176404 729 4161056 761 4159816 953 4151341
mProjectPP 13.65 7 234 4170971 663 4154248 668 4159474 669 4155314 670 4159224 719 4151220 954 4165871
mProjectPP 13.48 8 429 4159078 671 4162251 672 4149133 673 4156596 674 4180973 675 4164279 816 4153058 955 4167952
mProjectPP 13.61 11 171 4173130 254 4151424 268 4161257 304 4135210 359 4167676 442 4156766 676 4158792 677 4160698 678 4170630 706 4163353 956 4182555
mProjectPP 13.75 11 419 4163170 469 4158397 496 4147383 578 4163737 679 4158745 680 4163315 681 4156458 682 4167839 707 4150857 811 4164280 957 4149655
mProjectPP 13.16 9 212 4157383 228 4158753 536 4180442 648 4170115 683 4172082 684 4160454 770 4165308 820 4157042 958 4151871
mProjectPP 13.47 7 205 4157892 284 4143443 475 4160462 613 4153170 685 4170433 686 4168899 959 4153622
mProjectPP 13.51 12 285 4151768 434 4159220 443 4157333 567 4166575 640 4160196 687 4160190 688 4155954 689 4170653 690 4154429 757 4167226 799 4149795 960 4150947
mProjectPP 13.49 7 235 4142727 255 4172339 424 4152893 470 4146981 691 4176547 692 4159423 961 4146935
mProjectPP 13.68 13 206 4163275 547 4181572 562 4155867 568 4153086 689 4143221 693 4172367 694 4154335 695 4182856 696 4170184 697 4134122 698 4149361 699 4172764 962 4168002
mProjectPP 13.52 8 316 4181353 353 4173528 444 4152241 543 4156052 700 4161499 701 4182982 763 4177180 963 4157699
mProjectPP 13.8 10 189 4165691 399 4164095 702 4166340 703 4174739 704 4158388 705 4165001 706 4145636 707 4148612 784 4169259 964 4164694
mProjectPP 13.33 5 521 4150249 708 4160960 709 4162866 779 4169056 965 4170367
mProjectPP 13.46 15 172 4163726 367 4172267 471 4171141 550 4168167 641 4158757 674 4161698 684 4157058 710 4179270 711 4154780 712 4172755 713 4149045 714 4155789 715 4181263 716 4155914 966 4171640
mProjectPP 13.59 11 179 4172029 221 4158170 248 4168570 522 4179357 582 4153781 717 4156624 718 4173134 719 4156916 720 4159440 744 4157879 967 4157092
mProjectPP 13.5 9 466 4172727 473 4159786 476 4165442 583 4184008 721 4135541 722 4137793 723 4165977 724 4166414 968 4166489
mProjectPP 13.53 6 241 4164091 448 4164537 462 4146661 725 4145192 730 4159488 969 4178596
mProjectPP 13.58 12 445 4162970 666 4179611 686 4144757 698 4175553 726 4165968 727 4151742 728 4159248 729 4163592 730 4164100 731 4158515 826 4168836 970 4178030
mProjectPP 13.46 11 222 4160296 449 4165564 507 4166314 643 4153522 732 4159590 733 4171460 734 4165368 735 4153613 736 4159457 737 4159310 971 4162123
mProjectPP 13.18 14 242 4168600 322 4182809 435 4177331 624 4172315 738 4153466 739 4159625 740 4181886 741 4170670 742 4146308 743 4156610 744 4169617 782 4158176 793 4151253 972 4150391
mProjectPP 13.35 10 335 4161380 539 4144250 664 4177620 745 4153700 746 4163384 747 4156289 748 4154366 749 4173990 764 4173205 973 4164001
mProjectPP 14 7 579 4160715 720 4158271 750 4146165 751 4152307 752 4152728 753 4162821 974 4168518
mProjectPP 13.78 7 388 4165356 681 4163555 754 4162514 755 4151324 756 4167176 757 4173006 975 4177988
mProjectPP 13.52 7 298 4145061 731 4165364 758 4158541 759 4156735 760 4164690 761 4176381 976 4161296
mProjectPP 13.86 10 167 4164145 269 4153265 374 4144964 400 4154774 436 4164757 584 4159850 594 4151899 690 4166344 794 4164384 977 4150007
mProjectPP 13.43 19 180 4163578 197 4176505 229 4172318 317 4152258 331 4166704 366 4172453 483 4146573 513 4168523 569 4145052 605 4149095 616 4165940 715 4162601 737 4157572 762 4175206 763 4159085 764 4164114 765 4180800 821 4159230 978 4158762
mProjectPP 13.48 8 766 4150675 767 4162072 768 4160179 769 4152231 770 4160933 771 4159415 785 4153446 979 4152581
mProjectPP 14.22 11 405 4158420 413 4155029 430 4168845 437 4153494 699 4171901 772 4158269 773 4164473 774 4160126 775 4179070 776 4165175 980 4169079
mProjectPP 13.64 8 249 4151976 342 4163728 555 4155088 580 4144303 777 4163238 778 4168160 779 4175567 981 4159720
mProjectPP 13.83 5 360 4153968 780 4158105 781 4172598 782 4183232 982 4163875
mProjectPP 13.97 8 256 4172841 380 4164048 540 4145181 783 4174513 784 4163796 785 4153163 786 4150685 983 4167577
mProjectPP 13.45 13 236 4156136 343 4152601 346 4157496 368 4176603 529 4145058 585 4172806 724 4150223 765 4160290 787 4163605 788 4160191 789 4178147 790 4162174 984 4171271
mProjectPP 13.46 8 347 4154579 791 4172185 792 4165036 793 4154638 794 4180645 795 4178148 803 4154001 985 4161318
mProjectPP 13.55 8 323 4150834 408 4160648 416 4176648 796 4170198 797 4166428 798 4164511 799 4149812 986 4163164
mProjectPP 13.09 10 193 4158503 658 4158480 667 4161610 675 4152606 716 4168599 800 4158032 801 4158291 802 4163451 803 4176491 987 4161456
mProjectPP 13.82 12 194 4179753 207 4157042 276 4152748 438 4171343 452 4157920 786 4161043 804 4172691 805 4176009 806 4161989 807 4158031 808 4155585 988 4155847
mProjectPP 13.59 7 479 4154889 619 4147735 795 4157108 809 4164957 810 4171681 811 4165734 989 4146935
mProjectPP 13.59 6 310 4160817 375 4171380 812 4162388 813 4145111 814 4165257 990 4168310
mProjectPP 13.42 3 815 4176581 816 4152746 991 4161953
mProjectPP 13.73 8 505 4165296 635 4196512 817 4176600 818 4148909 819 4170964 820 4151826 821 4176390 992 4162503
mProjectPP 13.44 5 326 4158247 401 4167055 822 4141290 827 4161522 993 4140161
mProjectPP 13.62 7 355 4157448 453 4154079 682 4158557 790 4173763 823 4166401 824 4159770 994 4169873
mProjectPP 13.27 10 195 4171101 361 4169140 363 4169770 425 4170099 600 4143518 771 4189280 825 4169942 826 4168367 827 4180340 995 4157840
mDiffFit 10.6 1 828 1
mDiffFit 10.54 1 828 1
mDiffFit 10.68 1 828 1
mDiffFit 10.57 1 828 1
mDiffFit 10.61 1 828 1
mDiffFit 10.45 1 828 1
mDiffFit 10.75 1 828 1
mDiffFit 10.76 1 828 1
mDiffFit 10.62 1 828 1
mDiffFit 10.55 1 828 1
mDiffFit 10.51 1 828 1
mDiffFit 10.6 1 828 1
mDiffFit 10.45 1 828 1
mDiffFit 10.64 1 828 1
mDiffFit 10.7 1 828 1
mDiffFit 10.77 1 828 1
mDiffFit 10.74 1 828 1
mDiffFit 10.52 1 828 1
mDiffFit 10.7 1 828 1
mDiffFit 10.47 1 828 1
mDiffFit 10.56 1 828 1
mDiffFit 10.72 1 828 1
mDiffFit 10.75 1 828 1
mDiffFit 10.61 1 828 1
mDiffFit 10.38 1 828 1
mDiffFit 10.61 1 828 1
mDiffFit 10.49 1 828 1
mDiffFit 10.52 1 828 1
mDiffFit 10.64 1 828 1
mDiffFit 10.56 1 828 1
mDiffFit 10.67 1 828 1
mDiffFit 10.53 1 828 1
mDiffFit 10.43 1 828 1
mDiffFit 10.59 1 828 1
mDiffFit 10.72 1 828 1
mDiffFit 10.55 1 828 1
mDiffFit 10.74 1 828 1
mDiffFit 10.55 1 828 1
mDiffFit 10.78 1 828 1
mDiffFit 10.57 1 828 1
mDiffFit 10.64 1 828 1
mDiffFit 10.62 1 828 1
mDiffFit 10.64 1 828 1
mDiffFit 10.46 1 828 1
mDiffFit 10.55 1 828 1
mDiffFit 10.73 1 828 1
mDiffFit 10.37 1 828 1
mDiffFit 10.71 1 828 1
mDiffFit 10.66 1 828 1
mDiffFit 10.81 1 828 1
mDiffFit 10.6 1 828 1
mDiffFit 10.66 1 828 1
mDiffFit 10.54 1 828 1
mDiffFit 10.62 1 828 1
mDiffFit 10.65 1 828 1
mDiffFit 10.85 1 828 1
mDiffFit 10.53 1 828 1
mDiffFit 10.6 1 828 1
mDiffFit 10.68 1 828 1
mDiffFit 10.6 1 828 1
mDiffFit 10.38 1 828 1
mDiffFit 10.52 1 828 1
mDiffFit 10.56 1 828 1
mDiffFit 10.42 1 828 1
mDiffFit 10.48 1 828 1
mDiffFit 10.49 1 828 1
mDiffFit 10.47 1 828 1
mDiffFit 10.68 1 828 1
mDiffFit 10.69 1 828 1
mDiffFit 10.52 1 828 1
mDiffFit 10.9 1 828 1
mDiffFit 10.63 1 828 1
mDiffFit 10.52 1 828 1
mDiffFit 10.58 1 828 1
mDiffFit 10.51 1 828 1
mDiffFit 10.56 1 828 1
mDiffFit 10.62 1 828 1
mDiffFit 10.42 1 828 1
mDiffFit 10.58 1 828 1
mDiffFit 10.62 1 828 1
mDiffFit 10.78 1 828 1
mDiffFit 10.62 1 828 1
mDiffFit 10.62 1 828 1
mDiffFit 10.64 1 828 1
mDiffFit 10.59 1 828 1
mDiffFit 10.56 1 828 1
mDiffFit 10.49 1 828 1
mDiffFit 10.77 1 828 1
mDiffFit 10.69 1 828 1
mDiffFit 10.73 1 828 1
mDiffFit 10.61 1 828 1
mDiffFit 10.69 1 828 1
mDiffFit 10.63 1 828 1
mDiffFit 10.69 1 828 1
mDiffFit 10.62 1 828 1
mDiffFit 10.48 1 828 1
mDiffFit 10.42 1 828 1
mDiffFit 10.7 1 828 1
mDiffFit 10.61 1 828 1
mDiffFit 10.59 1 828 1
mDiffFit 10.64 1 828 1
mDiffFit 10.5 1 828 1
mDiffFit 10.56 1 828 1
mDiffFit 10.62 1 828 1
mDiffFit 10.71 1 828 1
mDiffFit 10.51 1 828 1
mDiffFit 10.44 1 828 1
mDiffFit 10.59 1 828 1
mDiffFit 10.53 1 828 1
mDiffFit 10.45 1 828 1
mDiffFit 10.41 1 828 1
mDiffFit 10.67 1 828 1
mDiffFit 10.51 1 828 1
mDiffFit 10.51 1 828 1
mDiffFit 10.75 1 828 1
mDiffFit 10.74 1 828 1
mDiffFit 10.53 1 828 1
mDiffFit 10.6 1 828 1
mDiffFit 10.62 1 828 1
mDiffFit 10.42 1 828 1
mDiffFit 10.69 1 828 1
mDiffFit 10.54 1 828 1
mDiffFit 10.62 1 828 1
mDiffFit 10.64 1 828 1
mDiffFit 10.43 1 828 1
mDiffFit 10.7 1 828 1
mDiffFit 10.53 1 828 1
mDiffFit 10.62 1 828 1
mDiffFit 10.59 1 828 1
mDiffFit 10.66 1 828 1
mDiffFit 10.51 1 828 1
mDiffFit 10.41 1 828 1
mDiffFit 10.46 1 828 1
mDiffFit 10.6 1 828 1
mDiffFit 10.54 1 828 1
mDiffFit 10.54 1 828 1
mDiffFit 10.59 1 828 1
mDiffFit 10.64 1 828 1
mDiffFit 10.47 1 828 1
mDiffFit 10.7 1 828 1
mDiffFit 10.55 1 828 1
mDiffFit 10.47 1 828 1
mDiffFit 10.76 1 828 1
mDiffFit 10.5 1 828 1
mDiffFit 10.64 1 828 1
mDiffFit 10.64 1 828 1
mDiffFit 10.36 1 828 1
mDiffFit 10.59 1 828 1
mDiffFit 10.76 1 828 1
mDiffFit 10.76 1 828 1
mDiffFit 10.64 1 828 1
mDiffFit 10.49 1 828 1
mDiffFit 10.36 1 828 1
mDiffFit 10.59 1 828 1
mDiffFit 10.72 1 828 1
mDiffFit 10.57 1 828 1
mDiffFit 10.44 1 828 1
mDiffFit 10.59 1 828 1
mDiffFit 10.59 1 828 1
mDiffFit 10.56 1 828 1
mDiffFit 10.75 1 828 1
mDiffFit 10.72 1 828 1
mDiffFit 10.48 1 828 1
mDiffFit 10.56 1 828 1
mDiffFit 10.51 1 828 1
mDiffFit 10.48 1 828 1
mDiffFit 10.5 1 828 1
mDiffFit 10.55 1 828 1
mDiffFit 10.46 1 828 1
mDiffFit 10.67 1 828 1
mDiffFit 10.57 1 828 1
mDiffFit 10.61 1 828 1
mDiffFit 10.63 1 828 1
mDiffFit 10.55 1 828 1
mDiffFit 10.66 1 828 1
mDiffFit 10.44 1 828 1
mDiffFit 10.62 1 828 1
mDiffFit 10.72 1 828 1
mDiffFit 10.82 1 828 1
mDiffFit 10.53 1 828 1
mDiffFit 10.71 1 828 1
mDiffFit 10.47 1 828 1
mDiffFit 10.64 1 828 1
mDiffFit 10.6 1 828 1
mDiffFit 10.43 1 828 1
mDiffFit 10.61 1 828 1
mDiffFit 10.57 1 828 1
mDiffFit 10.61 1 828 1
mDiffFit 10.58 1 828 1
mDiffFit 10.55 1 828 1
mDiffFit 10.5 1 828 1
mDiffFit 10.55 1 828 1
mDiffFit 10.5 1 828 1
mDiffFit 10.47 1 828 1
mDiffFit 10.57 1 828 1
mDiffFit 10.54 1 828 1
mDiffFit 10.51 1 828 1
mDiffFit 10.41 1 828 1
mDiffFit 10.43 1 828 1
mDiffFit 10.51 1 828 1
mDiffFit 10.78 1 828 1
mDiffFit 10.58 1 828 1
mDiffFit 10.62 1 828 1
mDiffFit 10.46 1 828 1
mDiffFit 10.58 1 828 1
mDiffFit 10.66 1 828 1
mDiffFit 10.55 1 828 1
mDiffFit 10.53 1 828 1
mDiffFit 10.67 1 828 1
mDiffFit 10.48 1 828 1
mDiffFit 10.63 1 828 1
mDiffFit 10.78 1 828 1
mDiffFit 10.51 1 828 1
mDiffFit 10.53 1 828 1
mDiffFit 10.5 1 828 1
mDiffFit 10.43 1 828 1
mDiffFit 10.44 1 828 1
mDiffFit 10.62 1 828 1
mDiffFit 10.6 1 828 1
mDiffFit 10.54 1 828 1
mDiffFit 10.52 1 828 1
mDiffFit 10.77 1 828 1
mDiffFit 10.73 1 828 1
mDiffFit 10.51 1 828 1
mDiffFit 10.6 1 828 1
mDiffFit 10.54 1 828 1
mDiffFit 10.38 1 828 1
mDiffFit 10.76 1 828 1
mDiffFit 10.62 1 828 1
mDiffFit 10.52 1 828 1
mDiffFit 10.48 1 828 1
mDiffFit 10.62 1 828 1
mDiffFit 10.61 1 828 1
mDiffFit 10.66 1 828 1
mDiffFit 10.5 1 828 1
mDiffFit 10.66 1 828 1
mDiffFit 10.66 1 828 1
mDiffFit 10.66 1 828 1
mDiffFit 10.4 1 828 1
mDiffFit 10.59 1 828 1
mDiffFit 10.56 1 828 1
mDiffFit 10.45 1 828 1
mDiffFit 10.6 1 828 1
mDiffFit 10.8 1 828 1
mDiffFit 10.67 1 828 1
mDiffFit 10.58 1 828 1
mDiffFit 10.59 1 828 1
mDiffFit 10.7 1 828 1
mDiffFit 10.55 1 828 1
mDiffFit 10.71 1 828 1
mDiffFit 10.64 1 828 1
mDiffFit 10.41 1 828 1
mDiffFit 10.58 1 828 1
mDiffFit 10.48 1 828 1
mDiffFit 10.64 1 828 1
mDiffFit 10.52 1 828 1
mDiffFit 10.53 1 828 1
mDiffFit 10.72 1 828 1
mDiffFit 10.64 1 828 1
mDiffFit 10.63 1 828 1
mDiffFit 10.74 1 828 1
mDiffFit 10.7 1 828 1
mDiffFit 10.72 1 828 1
mDiffFit 10.48 1 828 1
mDiffFit 10.73 1 828 1
mDiffFit 10.68 1 828 1
mDiffFit 10.36 1 828 1
mDiffFit 10.5 1 828 1
mDiffFit 10.52 1 828 1
mDiffFit 10.43 1 828 1
mDiffFit 10.54 1 828 1
mDiffFit 10.6 1 828 1
mDiffFit 10.54 1 828 1
mDiffFit 10.68 1 828 1
mDiffFit 10.74 1 828 1
mDiffFit 10.68 1 828 1
mDiffFit 10.6 1 828 1
mDiffFit 10.73 1 828 1
mDiffFit 10.68 1 828 1
mDiffFit 10.59 1 828 1
mDiffFit 10.71 1 828 1
mDiffFit 10.67 1 828 1
mDiffFit 10.5 1 828 1
mDiffFit 10.48 1 828 1
mDiffFit 10.53 1 828 1
mDiffFit 10.67 1 828 1
mDiffFit 10.47 1 828 1
mDiffFit 10.55 1 828 1
mDiffFit 10.6 1 828 1
mDiffFit 10.61 1 828 1
mDiffFit 10.69 1 828 1
mDiffFit 10.6 1 828 1
mDiffFit 10.55 1 828 1
mDiffFit 10.67 1 828 1
mDiffFit 10.55 1 828 1
mDiffFit 10.68 1 828 1
mDiffFit 10.43 1 828 1
mDiffFit 10.53 1 828 1
mDiffFit 10.63 1 828 1
mDiffFit 10.62 1 828 1
mDiffFit 10.55 1 828 1
mDiffFit 10.67 1 828 1
mDiffFit 10.59 1 828 1
mDiffFit 10.48 1 828 1
mDiffFit 10.75 1 828 1
mDiffFit 10.62 1 828 1
mDiffFit 10.67 1 828 1
mDiffFit 10.58 1 828 1
mDiffFit 10.52 1 828 1
mDiffFit 10.73 1 828 1
mDiffFit 10.59 1 828 1
mDiffFit 10.6 1 828 1
mDiffFit 10.75 1 828 1
mDiffFit 10.48 1 828 1
mDiffFit 10.42 1 828 1
mDiffFit 10.59 1 828 1
mDiffFit 10.57 1 828 1
mDiffFit 10.62 1 828 1
mDiffFit 10.57 1 828 1
mDiffFit 10.89 1 828 1
mDiffFit 10.81 1 828 1
mDiffFit 10.47 1 828 1
mDiffFit 10.68 1 828 1
mDiffFit 10.69 1 828 1
mDiffFit 10.68 1 828 1
mDiffFit 10.57 1 828 1
mDiffFit 10.58 1 828 1
mDiffFit 10.59 1 828 1
mDiffFit 10.66 1 828 1
mDiffFit 10.49 1 828 1
mDiffFit 10.54 1 828 1
mDiffFit 10.46 1 828 1
mDiffFit 10.62 1 828 1
mDiffFit 10.52 1 828 1
mDiffFit 10.42 1 828 1
mDiffFit 10.6 1 828 1
mDiffFit 10.59 1 828 1
mDiffFit 10.68 1 828 1
mDiffFit 10.61 1 828 1
mDiffFit 10.62 1 828 1
mDiffFit 10.63 1 828 1
mDiffFit 10.61 1 828 1
mDiffFit 10.8 1 828 1
mDiffFit 10.43 1 828 1
mDiffFit 10.67 1 828 1
mDiffFit 10.57 1 828 1
mDiffFit 10.47 1 828 1
mDiffFit 10.66 1 828 1
mDiffFit 10.71 1 828 1
mDiffFit 10.54 1 828 1
mDiffFit 10.62 1 828 1
mDiffFit 10.55 1 828 1
mDiffFit 10.52 1 828 1
mDiffFit 10.58 1 828 1
mDiffFit 10.64 1 828 1
mDiffFit 10.66 1 828 1
mDiffFit 10.62 1 828 1
mDiffFit 10.59 1 828 1
mDiffFit 10.52 1 828 1
mDiffFit 10.58 1 828 1
mDiffFit 10.58 1 828 1
mDiffFit 10.67 1 828 1
mDiffFit 10.65 1 828 1
mDiffFit 10.58 1 828 1
mDiffFit 10.6 1 828 1
mDiffFit 10.69 1 828 1
mDiffFit 10.5 1 828 1
mDiffFit 10.61 1 828 1
mDiffFit 10.52 1 828 1
mDiffFit 10.55 1 828 1
mDiffFit 10.57 1 828 1
mDiffFit 10.44 1 828 1
mDiffFit 10.57 1 828 1
mDiffFit 10.66 1 828 1
mDiffFit 10.57 1 828 1
mDiffFit 10.55 1 828 1
mDiffFit 10.78 1 828 1
mDiffFit 10.62 1 828 1
mDiffFit 10.6 1 828 1
mDiffFit 10.69 1 828 1
mDiffFit 10.57 1 828 1
mDiffFit 10.68 1 828 1
mDiffFit 10.59 1 828 1
mDiffFit 10.62 1 828 1
mDiffFit 10.67 1 828 1
mDiffFit 10.7 1 828 1
mDiffFit 10.57 1 828 1
mDiffFit 10.6 1 828 1
mDiffFit 10.49 1 828 1
mDiffFit 10.58 1 828 1
mDiffFit 10.44 1 828 1
mDiffFit 10.59 1 828 1
mDiffFit 10.75 1 828 1
mDiffFit 10.62 1 828 1
mDiffFit 10.41 1 828 1
mDiffFit 10.5 1 828 1
mDiffFit 10.74 1 828 1
mDiffFit 10.71 1 828 1
mDiffFit 10.46 1 828 1
mDiffFit 10.65 1 828 1
mDiffFit 10.5 1 828 1
mDiffFit 10.71 1 828 1
mDiffFit 10.71 1 828 1
mDiffFit 10.57 1 828 1
mDiffFit 10.57 1 828 1
mDiffFit 10.65 1 828 1
mDiffFit 10.64 1 828 1
mDiffFit 10.56 1 828 1
mDiffFit 10.57 1 828 1
mDiffFit 10.71 1 828 1
mDiffFit 10.75 1 828 1
mDiffFit 10.51 1 828 1
mDiffFit 10.64 1 828 1
mDiffFit 10.66 1 828 1
mDiffFit 10.71 1 828 1
mDiffFit 10.66 1 828 1
mDiffFit 10.37 1 828 1
mDiffFit 10.82 1 828 1
mDiffFit 10.67 1 828 1
mDiffFit 10.6 1 828 1
mDiffFit 10.59 1 828 1
mDiffFit 10.71 1 828 1
mDiffFit 10.4 1 828 1
mDiffFit 10.47 1 828 1
mDiffFit 10.64 1 828 1
mDiffFit 10.5 1 828 1
mDiffFit 10.63 1 828 1
mDiffFit 10.59 1 828 1
mDiffFit 10.53 1 828 1
mDiffFit 10.62 1 828 1
mDiffFit 10.5 1 828 1
mDiffFit 10.58 1 828 1
mDiffFit 10.47 1 828 1
mDiffFit 10.64 1 828 1
mDiffFit 10.41 1 828 1
mDiffFit 10.59 1 828 1
mDiffFit 10.48 1 828 1
mDiffFit 10.56 1 828 1
mDiffFit 10.49 1 828 1
mDiffFit 10.63 1 828 1
mDiffFit 10.54 1 828 1
mDiffFit 10.49 1 828 1
mDiffFit 10.6 1 828 1
mDiffFit 10.52 1 828 1
mDiffFit 10.57 1 828 1
mDiffFit 10.64 1 828 1
mDiffFit 10.6 1 828 1
mDiffFit 10.68 1 828 1
mDiffFit 10.66 1 828 1
mDiffFit 10.7 1 828 1
mDiffFit 10.55 1 828 1
mDiffFit 10.45 1 828 1
mDiffFit 10.57 1 828 1
mDiffFit 10.59 1 828 1
mDiffFit 10.62 1 828 1
mDiffFit 10.46 1 828 1
mDiffFit 10.67 1 828 1
mDiffFit 10.65 1 828 1
mDiffFit 10.7 1 828 1
mDiffFit 10.64 1 828 1
mDiffFit 10.58 1 828 1
mDiffFit 10.55 1 828 1
mDiffFit 10.65 1 828 1
mDiffFit 10.63 1 828 1
mDiffFit 10.58 1 828 1
mDiffFit 10.48 1 828 1
mDiffFit 10.56 1 828 1
mDiffFit 10.55 1 828 1
mDiffFit 10.6 1 828 1
mDiffFit 10.61 1 828 1
mDiffFit 10.6 1 828 1
mDiffFit 10.54 1 828 1
mDiffFit 10.54 1 828 1
mDiffFit 10.5 1 828 1
mDiffFit 10.61 1 828 1
mDiffFit 10.68 1 828 1
mDiffFit 10.66 1 828 1
mDiffFit 10.61 1 828 1
mDiffFit 10.54 1 828 1
mDiffFit 10.6 1 828 1
mDiffFit 10.6 1 828 1
mDiffFit 10.56 1 828 1
mDiffFit 10.63 1 828 1
mDiffFit 10.49 1 828 1
mDiffFit 10.69 1 828 1
mDiffFit 10.63 1 828 1
mDiffFit 10.72 1 828 1
mDiffFit 10.59 1 828 1
mDiffFit 10.46 1 828 1
mDiffFit 10.61 1 828 1
mDiffFit 10.54 1 828 1
mDiffFit 10.42 1 828 1
mDiffFit 10.6 1 828 1
mDiffFit 10.61 1 828 1
mDiffFit 10.52 1 828 1
mDiffFit 10.42 1 828 1
mDiffFit 10.49 1 828 1
mDiffFit 10.67 1 828 1
mDiffFit 10.55 1 828 1
mDiffFit 10.73 1 828 1
mDiffFit 10.62 1 828 1
mDiffFit 10.55 1 828 1
mDiffFit 10.67 1 828 1
mDiffFit 10.73 1 828 1
mDiffFit 10.45 1 828 1
mDiffFit 10.4 1 828 1
mDiffFit 10.38 1 828 1
mDiffFit 10.36 1 828 1
mDiffFit 10.5 1 828 1
mDiffFit 10.55 1 828 1
mDiffFit 10.54 1 828 1
mDiffFit 10.57 1 828 1
mDiffFit 10.6 1 828 1
mDiffFit 10.58 1 828 1
mDiffFit 10.61 1 828 1
mDiffFit 10.67 1 828 1
mDiffFit 10.4 1 828 1
mDiffFit 10.4 1 828 1
mDiffFit 10.71 1 828 1
mDiffFit 10.5 1 828 1
mDiffFit 10.49 1 828 1
mDiffFit 10.48 1 828 1
mDiffFit 10.51 1 828 1
mDiffFit 10.54 1 828 1
mDiffFit 10.75 1 828 1
mDiffFit 10.56 1 828 1
mDiffFit 10.53 1 828 1
mDiffFit 10.63 1 828 1
mDiffFit 10.8 1 828 1
mDiffFit 10.67 1 828 1
mDiffFit 10.51 1 828 1
mDiffFit 10.48 1 828 1
mDiffFit 10.77 1 828 1
mDiffFit 10.59 1 828 1
mDiffFit 10.55 1 828 1
mDiffFit 10.61 1 828 1
mDiffFit 10.56 1 828 1
mDiffFit 10.62 1 828 1
mDiffFit 10.53 1 828 1
mDiffFit 10.62 1 828 1
mDiffFit 10.59 1 828 1
mDiffFit 10.73 1 828 1
mDiffFit 10.6 1 828 1
mDiffFit 10.75 1 828 1
mDiffFit 10.52 1 828 1
mDiffFit 10.61 1 828 1
mDiffFit 10.54 1 828 1
mDiffFit 10.56 1 828 1
mDiffFit 10.82 1 828 1
mDiffFit 10.4 1 828 1
mDiffFit 10.47 1 828 1
mDiffFit 10.53 1 828 1
mDiffFit 10.62 1 828 1
mDiffFit 10.61 1 828 1
mDiffFit 10.56 1 828 1
mDiffFit 10.53 1 828 1
mDiffFit 10.58 1 828 1
mDiffFit 10.53 1 828 1
mDiffFit 10.55 1 828 1
mDiffFit 10.62 1 828 1
mDiffFit 10.52 1 828 1
mDiffFit 10.51 1 828 1
mDiffFit 10.72 1 828 1
mDiffFit 10.66 1 828 1
mDiffFit 10.72 1 828 1
mDiffFit 10.67 1 828 1
mDiffFit 10.77 1 828 1
mDiffFit 10.64 1 828 1
mDiffFit 10.67 1 828 1
mDiffFit 10.6 1 828 1
mDiffFit 10.7 1 828 1
mDiffFit 10.71 1 828 1
mDiffFit 10.61 1 828 1
mDiffFit 10.62 1 828 1
mDiffFit 10.45 1 828 1
mDiffFit 10.8 1 828 1
mDiffFit 10.69 1 828 1
mDiffFit 10.53 1 828 1
mDiffFit 10.59 1 828 1
mDiffFit 10.61 1 828 1
mDiffFit 10.71 1 828 1
mDiffFit 10.84 1 828 1
mDiffFit 10.64 1 828 1
mDiffFit 10.64 1 828 1
mDiffFit 10.56 1 828 1
mDiffFit 10.66 1 828 1
mDiffFit 10.77 1 828 1
mDiffFit 10.61 1 828 1
mDiffFit 10.58 1 828 1
mDiffFit 10.69 1 828 1
mDiffFit 10.53 1 828 1
mDiffFit 10.38 1 828 1
mDiffFit 10.42 1 828 1
mDiffFit 10.55 1 828 1
mDiffFit 10.62 1 828 1
mDiffFit 10.58 1 828 1
mDiffFit 10.45 1 828 1
mDiffFit 10.49 1 828 1
mDiffFit 10.73 1 828 1
mDiffFit 10.5 1 828 1
mDiffFit 10.83 1 828 1
mDiffFit 10.57 1 828 1
mDiffFit 10.69 1 828 1
mDiffFit 10.5 1 828 1
mDiffFit 10.51 1 828 1
mDiffFit 10.66 1 828 1
mDiffFit 10.47 1 828 1
mDiffFit 10.54 1 828 1
mDiffFit 10.57 1 828 1
mDiffFit 10.7 1 828 1
mDiffFit 10.62 1 828 1
mDiffFit 10.66 1 828 1
mDiffFit 10.35 1 828 1
mDiffFit 10.48 1 828 1
mDiffFit 10.63 1 828 1
mDiffFit 10.68 1 828 1
mDiffFit 10.53 1 828 1
mDiffFit 10.65 1 828 1
mDiffFit 10.54 1 828 1
mDiffFit 10.3 1 828 1
mDiffFit 10.56 1 828 1
mDiffFit 10.53 1 828 1
mDiffFit 10.53 1 828 1
mDiffFit 10.46 1 828 1
mDiffFit 10.62 1 828 1
mDiffFit 10.68 1 828 1
mDiffFit 10.54 1 828 1
mDiffFit 10.55 1 828 1
mDiffFit 10.51 1 828 1
mDiffFit 10.68 1 828 1
mDiffFit 10.53 1 828 1
mDiffFit 10.42 1 828 1
mDiffFit 10.64 1 828 1
mDiffFit 10.48 1 828 1
mDiffFit 10.43 1 828 1
mDiffFit 10.6 1 828 1
mDiffFit 10.74 1 828 1
mDiffFit 10.73 1 828 1
mDiffFit 10.48 1 828 1
mDiffFit 10.66 1 828 1
mDiffFit 10.75 1 828 1
mDiffFit 10.48 1 828 1
mDiffFit 10.42 1 828 1
mDiffFit 10.7 1 828 1
mDiffFit 10.71 1 828 1
mDiffFit 10.57 1 828 1
mDiffFit 10.62 1 828 1
mDiffFit 10.75 1 828 1
mDiffFit 10.6 1 828 1
mDiffFit 10.53 1 828 1
mDiffFit 10.53 1 828 1
mDiffFit 10.55 1 828 1
mDiffFit 10.37 1 828 1
mDiffFit 10.67 1 828 1
mDiffFit 10.63 1 828 1
mDiffFit 10.53 1 828 1
mDiffFit 10.57 1 828 1
mDiffFit 10.62 1 828 1
mDiffFit 10.5 1 828 1
mDiffFit 10.6 1 828 1
mDiffFit 10.56 1 828 1
mDiffFit 10.61 1 828 184735
mConcatFit 52.96 1 829 138988
mBgModel 89.12 166 830 8827 831 8827 832 8827 833 8827 834 8827 835 8827 836 8827 837 8827 838 8827 839 8827 840 8827 841 8827 842 8827 843 8827 844 8827 845 8827 846 8827 847 8827 848 8827 849 8827 850 8827 851 8827 852 8827 853 8827 854 8827 855 8827 856 8827 857 8827 858 8827 859 8827 860 8827 861 8827 862 8827 863 8827 864 8827 865 8827 866 8827 867 8827 868 8827 869 8827 870 8827 871 8827 872 8827 873 8827 874 8827 875 8827 876 8827 877 8827 878 8827 879 8827 880 8827 881 8827 882 8827 883 8827 884 8827 885 8827 886 8827 887 8827 888 8827 889 8827 890 8827 891 8827 892 8827 893 8827 894 8827 895 8827 896 8827 897 8827 898 8827 899 8827 900 8827 901 8827 902 8827 903 8827 904 8827 905 8827 906 8827 907 8827 908 8827 909 8827 910 8827 911 8827 912 8827 913 8827 914 8827 915 8827 916 8827 917 8827 918 8827 919 8827 920 8827 921 8827 922 8827 923 8827 924 8827 925 8827 926 8827 927 8827 928 8827 929 8827 930 8827 931 8827 932 8827 933 8827 934 8827 935 8827 936 8827 937 8827 938 8827 939 8827 940 8827 941 8827 942 8827 943 8827 944 8827 945 8827 946 8827 947 8827 948 8827 949 8827 950 8827 951 8827 952 8827 953 8827 954 8827 955 8827 956 8827 957 8827 958 8827 959 8827 960 8827 961 8827 962 8827 963 8827 964 8827 965 8827 966 8827 967 8827 968 8827 969 8827 970 8827 971 8827 972 8827 973 8827 974 8827 975 8827 976 8827 977 8827 978 8827 979 8827 980 8827 981 8827 982 8827 983 8827 984 8827 985 8827 986 8827 987 8827 988 8827 989 8827 990 8827 991 8827 992 8827 993 8827 994 8827 995 8827
mBackground 10.53 1 996 4145890
mBackground 10.59 1 996 4155161
mBackground 10.53 1 996 4146055
mBackground 10.58 1 996 4173290
mBackground 10.77 1 996 4156427
mBackground 10.71 1 996 4165223
mBackground 10.47 1 996 4167403
mBackground 10.67 1 996 4160923
mBackground 10.56 1 996 4161246
mBackground 10.73 1 996 4157948
mBackground 10.86 1 996 4160063
mBackground 10.8 1 996 4153669
mBackground 10.51 1 996 4142086
mBackground 10.67 1 996 4158333
mBackground 10.84 1 996 4157256
mBackground 10.79 1 996 4183231
mBackground 11.12 1 996 4157724
mBackground 10.46 1 996 4168453
mBackground 10.61 1 996 4161294
mBackground 10.56 1 996 4152440
mBackground 10.88 1 996 4177874
mBackground 10.41 1 996 4159774
mBackground 10.9 1 996 4166194
mBackground 10.8 1 996 4141072
mBackground 10.47 1 996 4144895
mBackground 10.97 1 996 4153358
mBackground 10.87 1 996 4170935
mBackground 10.37 1 996 4140244
mBackground 10.55 1 996 4169056
mBackground 10.82 1 996 4139813
mBackground 10.8 1 996 4148352
mBackground 10.57 1 996 4171613
mBackground 10.45 1 996 4175692
mBackground 10.73 1 996 4172973
mBackground 10.83 1 996 4174721
mBackground 10.52 1 996 4163338
mBackground 10.72 1 996 4179043
mBackground 10.97 1 996 4153449
mBackground 10.62 1 996 4178593
mBackground 10.79 1 996 4138197
mBackground 10.9 1 996 4158238
mBackground 10.57 1 996 4163547
mBackground 10.45 1 996 4148273
mBackground 10.63 1 996 4173339
mBackground 10.98 1 996 4168825
mBackground 10.72 1 996 4161431
mBackground 10.73 1 996 4160018
mBackground 10.69 1 996 4165387
mBackground 10.72 1 996 4173373
mBackground 10.67 1 996 4149621
mBackground 10.71 1 996 4176046
mBackground 10.76 1 996 4138019
mBackground 10.54 1 996 4160505
mBackground 10.7 1 996 4167442
mBackground 10.9 1 996 4163595
mBackground 11.05 1 996 4172483
mBackground 10.76 1 996 4160244
mBackground 10.68 1 996 4154894
mBackground 10.62 1 996 4146809
mBackground 10.29 1 996 4140311
mBackground 10.63 1 996 4167079
mBackground 10.55 1 996 4162718
mBackground 10.87 1 996 4153902
mBackground 10.6 1 996 4160669
mBackground 11.12 1 996 4179208
mBackground 10.97 1 996 4177601
mBackground 10.93 1 996 4172351
mBackground 10.93 1 996 4159707
mBackground 10.61 1 996 4162939
mBackground 11.12 1 996 4144276
mBackground 10.94 1 996 4134714
mBackground 10.62 1 996 4167983
mBackground 10.56 1 996 4152411
mBackground 10.71 1 996 4162261
mBackground 10.6 1 996 4157433
mBackground 10.8 1 996 4152802
mBackground 10.87 1 996 4164006
mBackground 10.69 1 996 4152769
mBackground 10.59 1 996 4140027
mBackground 10.9 1 996 4163648
mBackground 10.67 1 996 4147115
mBackground 10.81 1 996 4162215
mBackground 10.98 1 996 4165456
mBackground 10.67 1 996 4151612
mBackground 10.43 1 996 4189141
mBackground 11.21 1 996 4167284
mBackground 10.68 1 996 4157754
mBackground 10.92 1 996 4162357
mBackground 10.73 1 996 4170719
mBackground 10.63 1 996 4169080
mBackground 10.74 1 996 4161127
mBackground 10.9 1 996 4157201
mBackground 10.64 1 996 4161364
mBackground 10.8 1 996 4158883
mBackground 10.83 1 996 4166487
mBackground 10.76 1 996 4154405
mBackground 10.89 1 996 4154228
mBackground 11.03 1 996 4156724
mBackground 10.86 1 996 4162374
mBackground 10.66 1 996 4157322
mBackground 10.86 1 996 4152435
mBackground 10.84 1 996 4158412
mBackground 10.95 1 996 4153487
mBackground 10.73 1 996 4156453
mBackground 10.76 1 996 4164312
mBackground 10.95 1 996 4168613
mBackground 10.8 1 996 4167581
mBackground 10.69 1 996 4151765
mBackground 10.74 1 996 4170926
mBackground 10.77 1 996 4169255
mBackground 10.82 1 996 4161504
mBackground 10.69 1 996 4166563
mBackground 10.89 1 996 4144437
mBackground 10.62 1 996 4175537
mBackground 10.74 1 996 4183956
mBackground 10.8 1 996 4181486
mBackground 10.48 1 996 4167062
mBackground 10.98 1 996 4160738
mBackground 10.62 1 996 4170450
mBackground 10.85 1 996 4156531
mBackground 10.69 1 996 4171330
mBackground 10.73 1 996 4169783
mBackground 11 1 996 4139846
mBackground 10.48 1 996 4151341
mBackground 10.61 1 996 4165871
mBackground 11.05 1 996 4167952
mBackground 10.92 1 996 4182555
mBackground 10.71 1 996 4149655
mBackground 10.79 1 996 4151871
mBackground 10.84 1 996 4153622
mBackground 10.77 1 996 4150947
mBackground 10.79 1 996 4146935
mBackground 10.52 1 996 4168002
mBackground 10.9 1 996 4157699
mBackground 10.65 1 996 4164694
mBackground 10.89 1 996 4170367
mBackground 10.73 1 996 4171640
mBackground 10.88 1 996 4157092
mBackground 10.9 1 996 4166489
mBackground 10.93 1 996 4178596
mBackground 10.85 1 996 4178030
mBackground 10.83 1 996 4162123
mBackground 10.23 1 996 4150391
mBackground 10.97 1 996 4164001
mBackground 10.59 1 996 4168518
mBackground 10.42 1 996 4177988
mBackground 10.82 1 996 4161296
mBackground 10.56 1 996 4150007
mBackground 10.82 1 996 4158762
mBackground 10.82 1 996 4152581
mBackground 10.82 1 996 4169079
mBackground 10.68 1 996 4159720
mBackground 10.49 1 996 4163875
mBackground 10.83 1 996 4167577
mBackground 10.89 1 996 4171271
mBackground 10.89 1 996 4161318
mBackground 10.96 1 996 4163164
mBackground 10.5 1 996 4161456
mBackground 10.89 1 996 4155847
mBackground 10.67 1 996 4146935
mBackground 10.75 1 996 4168310
mBackground 10.54 1 996 4161953
mBackground 10.7 1 996 4162503
mBackground 10.71 1 996 4140161
mBackground 10.69 1 996 4169873
mBackground 10.56 1 996 4157840
mImgTbl 65.91 1 997 67432
mAdd 99.53 1 998 304769496
mShrink 22.25 1 999 12195658
mJPEG 2.52 0
