138 0.9 13635
Interproscan 5400 1 43 512000
Interproscan 5400 1 43 512000
Interproscan 5400 1 43 512000
Interproscan 5400 1 43 512000
Interproscan 5400 1 43 512000
Interproscan 5400 1 43 512000
Interproscan 5400 1 43 512000
Interproscan 5400 1 43 512000
Interproscan 5400 1 43 512000
Interproscan 5400 1 43 512000
Interproscan 5400 1 43 512000
Interproscan 5400 1 43 512000
Interproscan 5400 1 43 512000
Interproscan 5400 1 43 512000
Interproscan 5400 1 43 512000
Interproscan 5400 1 43 512000
Interproscan 5400 1 43 512000
Interproscan 5400 1 43 512000
Interproscan 5400 1 43 512000
Interproscan 5400 1 43 512000
Interproscan 5400 1 43 512000
Interproscan 5400 1 43 512000
Interproscan 5400 1 43 512000
Interproscan 5400 1 43 512000
Interproscan 5400 1 43 512000
Interproscan 5400 1 43 512000
Interproscan 5400 1 43 512000
Interproscan 5400 1 43 512000
Interproscan 5400 1 43 512000
Interproscan 5400 1 43 512000
Interproscan 5400 1 43 512000
Interproscan 5400 1 43 512000
Interproscan 5400 1 43 512000
Interproscan 5400 1 43 512000
Pre Interproscan 30 135 0 102400 1 102400 2 102400 3 102400 4 102400 5 102400 6 102400 7 102400 8 102400 9 102400 10 102400 11 102400 12 102400 13 102400 14 102400 15 102400 16 102400 17 102400 18 102400 19 102400 20 102400 21 102400 22 102400 23 102400 24 102400 25 102400 26 102400 27 102400 28 102400 29 102400 30 102400 31 102400 32 102400 33 102400 35 102400 36 102400 37 102400 38 102400 39 102400 40 102400 41 102400 42 102400 44 102400 45 102400 46 102400 47 102400 48 102400 49 102400 50 102400 51 102400 52 102400 53 102400 54 102400 55 102400 56 102400 57 102400 58 102400 59 102400 60 102400 61 102400 62 102400 63 102400 64 102400 65 102400 66 102400 67 102400 68 102400 69 102400 70 102400 71 102400 72 102400 73 102400 74 102400 75 102400 76 102400 77 102400 78 102400 79 102400 80 102400 81 102400 82 102400 83 102400 84 102400 85 102400 86 102400 87 102400 89 102400 90 102400 91 102400 92 102400 93 102400 94 102400 95 102400 96 102400 97 102400 98 102400 99 102400 100 102400 101 102400 102 102400 103 102400 104 102400 105 102400 106 102400 107 102400 108 102400 109 102400 110 102400 111 102400 112 102400 113 102400 114 102400 115 102400 116 102400 117 102400 118 102400 119 102400 120 102400 121 102400 122 102400 123 102400 124 102400 125 102400 126 102400 127 102400 128 102400 129 102400 130 102400 131 102400 132 102400 133 102400 134 102400 135 102400 136 102400 137 102400
Interproscan 5400 1 43 512000
Interproscan 5400 1 43 512000
Interproscan 5400 1 43 512000
Interproscan 5400 1 43 512000
Interproscan 5400 1 43 512000
Interproscan 5400 1 43 512000
Interproscan 5400 1 43 512000
Interproscan 5400 1 43 512000
Post Interproscan 60 1 88 74448896
Interproscan 5400 1 43 512000
Interproscan 5400 1 43 512000
Interproscan 5400 1 43 512000
Interproscan 5400 1 43 512000
Interproscan 5400 1 43 512000
Interproscan 5400 1 43 512000
Interproscan 5400 1 43 512000
Interproscan 5400 1 43 512000
Interproscan 5400 1 43 512000
Interproscan 5400 1 43 512000
Interproscan 5400 1 43 512000
Interproscan 5400 1 43 512000
Interproscan 5400 1 43 512000
Interproscan 5400 1 43 512000
Interproscan 5400 1 43 512000
Interproscan 5400 1 43 512000
Interproscan 5400 1 43 512000
Interproscan 5400 1 43 512000
Interproscan 5400 1 43 512000
Interproscan 5400 1 43 512000
Interproscan 5400 1 43 512000
Interproscan 5400 1 43 512000
Interproscan 5400 1 43 512000
Interproscan 5400 1 43 512000
Interproscan 5400 1 43 512000
Interproscan 5400 1 43 512000
Interproscan 5400 1 43 512000
Interproscan 5400 1 43 512000
Interproscan 5400 1 43 512000
Interproscan 5400 1 43 512000
Interproscan 5400 1 43 512000
Interproscan 5400 1 43 512000
Interproscan 5400 1 43 512000
Interproscan 5400 1 43 512000
Interproscan 5400 1 43 512000
Interproscan 5400 1 43 512000
Interproscan 5400 1 43 512000
Interproscan 5400 1 43 512000
Interproscan 5400 1 43 512000
Interproscan 5400 1 43 512000
Interproscan 5400 1 43 512000
Interproscan 5400 1 43 512000
Interproscan 5400 1 43 512000
Interproscan 5400 1 43 512000
Motif 3600 0
Interproscan 5400 1 43 512000
Interproscan 5400 1 43 512000
Interproscan 5400 1 43 512000
Interproscan 5400 1 43 512000
Interproscan 5400 1 43 512000
Interproscan 5400 1 43 512000
Interproscan 5400 1 43 512000
Interproscan 5400 1 43 512000
Interproscan 5400 1 43 512000
Interproscan 5400 1 43 512000
Interproscan 5400 1 43 512000
Interproscan 5400 1 43 512000
Interproscan 5400 1 43 512000
Interproscan 5400 1 43 512000
Interproscan 5400 1 43 512000
Interproscan 5400 1 43 512000
Interproscan 5400 1 43 512000
Interproscan 5400 1 43 512000
Interproscan 5400 1 43 512000
Interproscan 5400 1 43 512000
Interproscan 5400 1 43 512000
Interproscan 5400 1 43 512000
Interproscan 5400 1 43 512000
Interproscan 5400 1 43 512000
Interproscan 5400 1 43 512000
Interproscan 5400 1 43 512000
Interproscan 5400 1 43 512000
Interproscan 5400 1 43 512000
Interproscan 5400 1 43 512000
Interproscan 5400 1 43 512000
Interproscan 5400 1 43 512000
Interproscan 5400 1 43 512000
Interproscan 5400 1 43 512000
Interproscan 5400 1 43 512000
Interproscan 5400 1 43 512000
Interproscan 5400 1 43 512000
Interproscan 5400 1 43 512000
Interproscan 5400 1 43 512000
Interproscan 5400 1 43 512000
Interproscan 5400 1 43 512000
Interproscan 5400 1 43 512000
Interproscan 5400 1 43 512000
Interproscan 5400 1 43 512000
Interproscan 5400 1 43 512000
Interproscan 5400 1 43 512000
Interproscan 5400 1 43 512000
Interproscan 5400 1 43 512000
Interproscan 5400 1 43 512000
Interproscan 5400 1 43 512000
