489 0.9 75
LoadCSV 30 1 312 94371840
ValidateLoadDB 5 1 184 104857600
LoadCSV 30 1 220 99614720
ValidateLoadDB 5 1 184 104857600
PreprocessCSV 5 4 69 5242880 72 74448896 75 65011712 77 56623104
PreprocessCSV 5 1 288 37748736
LoadCSV 30 1 418 77594624
LoadCSV 30 1 220 69206016
ValidateLoadDB 5 1 184 104857600
LoadCSV 30 1 38 78643200
PreprocessCSV 5 3 24 51380224 132 95420416 222 18874368
LoadCSV 30 1 8 49283072
PreprocessCSV 5 2 234 7340032 255 76546048
LoadCSV 30 1 46 24117248
PreprocessCSV 5 4 236 42991616 261 90177536 280 94371840 434 74448896
LoadCSV 30 1 441 65011712
LoadCSV 30 1 296 16777216
ValidateLoadDB 5 1 184 104857600
ValidateLoadDB 5 1 184 104857600
LoadCSV 30 1 17 52428800
LoadCSV 30 1 141 52428800
LoadCSV 30 1 467 10485760
LoadCSV 30 1 220 89128960
LoadCSV 30 1 38 85983232
LoadCSV 30 1 74 51380224
LoadCSV 30 1 31 80740352
LoadCSV 30 1 323 16777216
LoadCSV 30 1 38 96468992
LoadCSV 30 1 303 16777216
LoadCSV 30 1 349 69206016
LoadCSV 30 1 197 93323264
ValidateLoadDB 5 1 184 104857600
PreprocessCSV 5 2 39 100663296 199 2097152
LoadCSV 30 1 46 28311552
PreprocessCSV 5 3 314 27262976 319 41943040 388 98566144
LoadCSV 30 1 156 101711872
ValidateLoadDB 5 1 184 104857600
LoadCSV 30 1 398 37748736
ValidateLoadDB 5 1 184 104857600
LoadCSV 30 1 36 100663296
PreprocessCSV 5 1 19 52428800
PreprocessCSV 5 4 9 78643200 23 85983232 27 96468992 140 8388608
LoadCSV 30 1 194 85983232
LoadCSV 30 1 322 63963136
ValidateLoadDB 5 1 184 104857600
LoadCSV 30 1 18 77594624
ValidateLoadDB 5 1 184 104857600
PreprocessCSV 5 3 45 77594624 56 68157440 65 103809024
ValidateLoadDB 5 1 184 104857600
LoadCSV 30 1 418 63963136
LoadCSV 30 1 220 9437184
LoadCSV 30 1 323 82837504
LoadCSV 30 1 185 44040192
LoadCSV 30 1 48 48234496
PreprocessCSV 5 3 13 24117248 33 28311552 122 40894464
PreprocessCSV 5 3 161 44040192 391 73400320 417 62914560
LoadCSV 30 1 18 68157440
LoadCSV 30 1 442 103809024
LoadCSV 30 1 48 16777216
PreprocessCSV 5 1 25 80740352
LoadCSV 30 1 238 31457280
LoadCSV 30 1 441 52428800
LoadCSV 30 1 353 24117248
LoadCSV 30 1 48 101711872
LoadCSV 30 1 167 5242880
LoadCSV 30 1 18 103809024
LoadCSV 30 1 353 60817408
LoadCSV 30 1 44 40894464
LoadCSV 30 1 48 39845888
LoadCSV 30 1 1 5242880
LoadCSV 30 1 174 67108864
PreprocessCSV 5 3 101 3145728 195 60817408 317 58720256
LoadCSV 30 1 1 74448896
LoadCSV 30 1 247 53477376
ValidateLoadDB 5 1 184 104857600
LoadCSV 30 1 1 65011712
ValidateLoadDB 5 1 184 104857600
LoadCSV 30 1 1 56623104
LoadCSV 30 1 349 29360128
PreprocessCSV 5 2 84 3145728 85 104857600
ValidateLoadDB 5 1 184 104857600
LoadCSV 30 1 215 28311552
ValidateLoadDB 5 1 184 104857600
LoadCSV 30 1 452 19922944
LoadCSV 30 1 80 3145728
LoadCSV 30 1 80 104857600
LoadCSV 30 1 418 83886080
PreprocessCSV 5 5 90 94371840 92 16777216 94 28311552 96 36700160 98 90177536
ValidateLoadDB 5 1 184 104857600
LoadCSV 30 1 220 70254592
LoadCSV 30 1 88 94371840
ValidateLoadDB 5 1 184 104857600
LoadCSV 30 1 88 16777216
PreprocessCSV 5 4 119 60817408 330 33554432 332 34603008 336 30408704
LoadCSV 30 1 88 28311552
LoadCSV 30 1 82 36700160
LoadCSV 30 1 88 36700160
LoadCSV 30 1 197 54525952
LoadCSV 30 1 88 90177536
LoadCSV 30 1 174 13631488
PreprocessCSV 5 2 106 103809024 108 18874368
LoadCSV 30 1 313 3145728
ValidateLoadDB 5 1 184 104857600
LoadCSV 30 1 285 103809024
LoadCSV 30 1 238 10485760
LoadCSV 30 1 328 51380224
LoadCSV 30 1 102 103809024
ValidateLoadDB 5 1 184 104857600
LoadCSV 30 1 102 18874368
LoadCSV 30 1 215 89128960
LoadCSV 30 1 82 97517568
PreprocessCSV 5 3 127 5242880 422 71303168 428 69206016
PreprocessCSV 5 2 135 52428800 298 93323264
ValidateLoadDB 5 1 184 104857600
LoadCSV 30 1 312 103809024
PreprocessCSV 5 3 235 33554432 249 103809024 257 36700160
LoadCSV 30 1 174 39845888
PreprocessCSV 5 2 28 16777216 138 97517568
LoadCSV 30 1 452 13631488
LoadCSV 30 1 321 60817408
PreprocessCSV 5 4 134 59768832 145 3145728 164 95420416 440 41943040
LoadCSV 30 1 452 56623104
LoadCSV 30 1 46 40894464
LoadCSV 30 1 185 76546048
LoadCSV 30 1 44 10485760
LoadCSV 30 1 349 10485760
LoadCSV 30 1 452 13631488
LoadCSV 30 1 113 5242880
PreprocessCSV 5 5 0 94371840 114 103809024 300 24117248 331 73400320 419 6291456
LoadCSV 30 1 442 84934656
LoadCSV 30 1 353 102760448
ValidateLoadDB 5 1 184 104857600
LoadCSV 30 1 74 95420416
LoadCSV 30 1 349 16777216
LoadCSV 30 1 394 59768832
LoadCSV 30 1 192 52428800
PreprocessCSV 5 4 83 19922944 118 13631488 121 56623104 126 13631488
LoadCSV 30 1 174 50331648
LoadCSV 30 1 303 97517568
PreprocessCSV 5 3 26 16777216 51 82837504 178 50331648
LoadCSV 30 1 38 8388608
ValidateLoadDB 5 1 184 104857600
LoadCSV 30 1 167 18874368
LoadCSV 30 1 159 18874368
PreprocessCSV 5 1 150 57671680
LoadCSV 30 1 394 3145728
LoadCSV 30 1 269 23068672
ValidateLoadDB 5 1 184 104857600
LoadCSV 30 1 189 7340032
ValidateLoadDB 5 1 184 104857600
LoadCSV 30 1 147 57671680
LoadCSV 30 1 159 70254592
PreprocessCSV 5 1 210 48234496
ValidateLoadDB 5 1 184 104857600
PreprocessCSV 5 3 160 2097152 196 8388608 468 12582912
LoadCSV 30 1 159 99614720
ValidateLoadDB 5 1 184 104857600
PreprocessCSV 5 2 64 5242880 142 18874368
PreprocessCSV 5 2 30 93323264 97 54525952
ValidateLoadDB 5 1 184 104857600
LoadCSV 30 1 149 2097152
LoadCSV 30 1 107 44040192
LoadCSV 30 1 177 60817408
LoadCSV 30 1 201 26214400
LoadCSV 30 1 394 95420416
LoadCSV 30 1 189 103809024
LoadCSV 30 1 182 72351744
ValidateLoadDB 5 1 184 104857600
LoadCSV 30 1 362 55574528
LoadCSV 30 1 189 102760448
PreprocessCSV 5 2 73 53477376 245 22020096
LoadCSV 30 1 353 5242880
LoadCSV 30 1 177 92274688
LoadCSV 30 1 362 11534336
ValidateLoadDB 5 1 184 104857600
PreprocessCSV 5 5 163 26214400 228 101711872 324 4194304 345 10485760 457 100663296
LoadCSV 30 1 259 81788928
ValidateLoadDB 5 1 184 104857600
LoadCSV 30 1 323 50331648
PreprocessCSV 5 4 143 18874368 151 70254592 155 99614720 355 74448896
ValidateLoadDB 5 1 184 104857600
ValidateLoadDB 5 1 184 104857600
ValidateLoadDB 5 1 184 104857600
LoadCSV 30 1 328 104857600
End 10 0
ValidateLoadDB 5 1 184 104857600
LoadCSV 30 1 458 71303168
LoadCSV 30 1 189 80740352
PreprocessCSV 5 2 162 60817408 172 92274688
ValidateLoadDB 5 1 184 104857600
ValidateLoadDB 5 1 184 104857600
LoadCSV 30 1 289 10485760
ValidateLoadDB 5 1 184 104857600
PreprocessCSV 5 4 148 7340032 165 103809024 169 102760448 187 80740352
ValidateLoadDB 5 1 184 104857600
LoadCSV 30 1 313 60817408
LoadCSV 30 1 149 8388608
ValidateLoadDB 5 1 184 104857600
LoadCSV 30 1 404 2097152
LoadCSV 30 1 36 2097152
LoadCSV 30 1 185 74448896
ValidateLoadDB 5 1 184 104857600
PreprocessCSV 5 1 278 53477376
LoadCSV 30 1 276 66060288
LoadCSV 30 1 259 33554432
LoadCSV 30 1 218 13631488
LoadCSV 30 1 156 24117248
LoadCSV 30 1 387 6291456
LoadCSV 30 1 217 35651584
LoadCSV 30 1 218 57671680
LoadCSV 30 1 153 48234496
LoadCSV 30 1 190 71303168
PreprocessCSV 5 4 81 28311552 109 89128960 219 52428800 230 24117248
PreprocessCSV 5 5 53 48234496 58 16777216 63 101711872 68 39845888 318 74448896
PreprocessCSV 5 5 62 24117248 66 60817408 130 102760448 171 5242880 414 17825792
ValidateLoadDB 5 1 184 104857600
LoadCSV 30 1 218 88080384
ValidateLoadDB 5 1 184 104857600
ValidateLoadDB 5 1 184 104857600
LoadCSV 30 1 215 52428800
ValidateLoadDB 5 1 184 104857600
PreprocessCSV 5 4 205 13631488 209 57671680 216 88080384 350 88080384
LoadCSV 30 1 74 18874368
PreprocessCSV 5 3 208 35651584 264 101711872 268 49283072
LoadCSV 30 1 182 41943040
PreprocessCSV 5 1 423 30408704
PreprocessCSV 5 3 248 18874368 358 5242880 366 34603008
PreprocessCSV 5 5 2 99614720 7 69206016 22 89128960 50 9437184 89 70254592
LoadCSV 30 1 201 101711872
LoadCSV 30 1 259 83886080
LoadCSV 30 1 215 24117248
LoadCSV 30 1 239 27262976
PreprocessCSV 5 5 42 85983232 271 2097152 272 94371840 435 62914560 447 10485760
PreprocessCSV 5 3 240 69206016 244 17825792 250 93323264
LoadCSV 30 1 339 7340032
LoadCSV 30 1 266 33554432
LoadCSV 30 1 326 42991616
LoadCSV 30 1 259 68157440
ValidateLoadDB 5 1 184 104857600
ValidateLoadDB 5 1 184 104857600
LoadCSV 30 1 131 69206016
LoadCSV 30 1 259 95420416
PreprocessCSV 5 1 231 27262976
ValidateLoadDB 5 1 184 104857600
LoadCSV 30 1 131 17825792
LoadCSV 30 1 247 22020096
PreprocessCSV 5 2 60 31457280 104 10485760
ValidateLoadDB 5 1 184 104857600
LoadCSV 30 1 243 18874368
LoadCSV 30 1 266 103809024
LoadCSV 30 1 131 93323264
PreprocessCSV 5 4 256 74448896 260 11534336 263 68157440 265 27262976
LoadCSV 30 1 362 59768832
ValidateLoadDB 5 1 184 104857600
LoadCSV 30 1 91 90177536
LoadCSV 30 1 339 76546048
LoadCSV 30 1 253 74448896
LoadCSV 30 1 266 36700160
LoadCSV 30 1 425 4194304
ValidateLoadDB 5 1 184 104857600
LoadCSV 30 1 253 11534336
LoadCSV 30 1 326 90177536
PreprocessCSV 5 5 176 81788928 204 33554432 229 83886080 237 68157440 241 95420416
LoadCSV 30 1 253 68157440
LoadCSV 30 1 217 101711872
LoadCSV 30 1 253 27262976
ValidateLoadDB 5 1 184 104857600
PreprocessCSV 5 2 146 23068672 290 1048576
LoadCSV 30 1 217 49283072
ValidateLoadDB 5 1 184 104857600
PreprocessCSV 5 1 11 49283072
LoadCSV 30 1 194 2097152
LoadCSV 30 1 194 94371840
PreprocessCSV 5 5 29 69206016 78 29360128 125 10485760 133 16777216 460 20971520
ValidateLoadDB 5 1 184 104857600
LoadCSV 30 1 305 97517568
ValidateLoadDB 5 1 184 104857600
LoadCSV 30 1 274 74448896
LoadCSV 30 1 181 53477376
LoadCSV 30 1 322 39845888
LoadCSV 30 1 326 94371840
LoadCSV 30 1 276 39845888
LoadCSV 30 1 305 93323264
PreprocessCSV 5 4 277 74448896 287 22020096 291 99614720 403 71303168
PreprocessCSV 5 4 168 55574528 173 11534336 252 59768832 471 34603008
ValidateLoadDB 5 1 184 104857600
LoadCSV 30 1 449 63963136
LoadCSV 30 1 274 22020096
LoadCSV 30 1 76 37748736
ValidateLoadDB 5 1 184 104857600
LoadCSV 30 1 269 1048576
LoadCSV 30 1 274 99614720
PreprocessCSV 5 2 21 10485760 297 56623104
PreprocessCSV 5 5 6 77594624 49 63963136 86 83886080 302 36700160 311 100663296
PreprocessCSV 5 3 16 16777216 304 44040192 308 30408704
LoadCSV 30 1 322 79691776
ValidateLoadDB 5 1 184 104857600
LoadCSV 30 1 467 56623104
LoadCSV 30 1 192 93323264
LoadCSV 30 1 305 30408704
LoadCSV 30 1 312 24117248
PreprocessCSV 5 3 43 63963136 279 39845888 295 79691776
LoadCSV 30 1 418 36700160
ValidateLoadDB 5 1 184 104857600
LoadCSV 30 1 296 44040192
ValidateLoadDB 5 1 184 104857600
ValidateLoadDB 5 1 184 104857600
LoadCSV 30 1 441 55574528
LoadCSV 30 1 296 30408704
PreprocessCSV 5 3 275 97517568 282 93323264 299 30408704
ValidateLoadDB 5 1 184 104857600
LoadCSV 30 1 418 100663296
ValidateLoadDB 5 1 184 104857600
ValidateLoadDB 5 1 184 104857600
LoadCSV 30 1 306 27262976
LoadCSV 30 1 387 19922944
PreprocessCSV 5 3 105 51380224 183 104857600 397 76546048
LoadCSV 30 1 313 58720256
LoadCSV 30 1 48 74448896
LoadCSV 30 1 306 41943040
LoadCSV 30 1 91 78643200
ValidateLoadDB 5 1 184 104857600
ValidateLoadDB 5 1 184 104857600
ValidateLoadDB 5 1 184 104857600
LoadCSV 30 1 201 4194304
LoadCSV 30 1 180 42991616
ValidateLoadDB 5 1 184 104857600
LoadCSV 30 1 141 63963136
ValidateLoadDB 5 1 184 104857600
LoadCSV 30 1 174 35651584
LoadCSV 30 1 321 33554432
LoadCSV 30 1 312 73400320
LoadCSV 30 1 321 34603008
LoadCSV 30 1 458 32505856
PreprocessCSV 5 3 254 90177536 320 78643200 347 102760448
PreprocessCSV 5 3 341 52428800 344 33554432 348 51380224
LoadCSV 30 1 321 30408704
ValidateLoadDB 5 1 184 104857600
PreprocessCSV 5 2 20 52428800 327 63963136
ValidateLoadDB 5 1 184 104857600
ValidateLoadDB 5 1 184 104857600
LoadCSV 30 1 337 52428800
PreprocessCSV 5 2 35 101711872 206 24117248
LoadCSV 30 1 285 11534336
LoadCSV 30 1 337 33554432
LoadCSV 30 1 201 10485760
LoadCSV 30 1 426 1048576
LoadCSV 30 1 91 102760448
LoadCSV 30 1 337 51380224
ValidateLoadDB 5 1 184 104857600
LoadCSV 30 1 218 88080384
PreprocessCSV 5 1 359 50331648
PreprocessCSV 5 5 360 100663296 364 25165824 368 18874368 371 50331648 375 55574528
ValidateLoadDB 5 1 184 104857600
ValidateLoadDB 5 1 184 104857600
LoadCSV 30 1 159 74448896
ValidateLoadDB 5 1 184 104857600
LoadCSV 30 1 310 9437184
LoadCSV 30 1 243 5242880
LoadCSV 30 1 354 50331648
LoadCSV 30 1 356 100663296
PreprocessCSV 5 1 325 42991616
ValidateLoadDB 5 1 184 104857600
PreprocessCSV 5 1 475 73400320
LoadCSV 30 1 356 25165824
PreprocessCSV 5 2 57 103809024 129 84934656
LoadCSV 30 1 243 34603008
PreprocessCSV 5 3 52 44040192 123 76546048 200 74448896
LoadCSV 30 1 356 18874368
PreprocessCSV 5 2 376 15728640 402 8388608
PreprocessCSV 5 3 207 6291456 315 19922944 410 24117248
LoadCSV 30 1 356 50331648
PreprocessCSV 5 2 166 72351744 224 41943040
ValidateLoadDB 5 1 184 104857600
LoadCSV 30 1 340 8388608
LoadCSV 30 1 356 55574528
LoadCSV 30 1 373 15728640
PreprocessCSV 5 2 384 85983232 390 104857600
ValidateLoadDB 5 1 184 104857600
LoadCSV 30 1 190 62914560
ValidateLoadDB 5 1 184 104857600
LoadCSV 30 1 340 91226112
PreprocessCSV 5 5 70 67108864 99 13631488 116 39845888 137 50331648 329 35651584
PreprocessCSV 5 1 392 77594624
LoadCSV 30 1 380 85983232
ValidateLoadDB 5 1 184 104857600
LoadCSV 30 1 340 34603008
ValidateLoadDB 5 1 184 104857600
LoadCSV 30 1 306 98566144
LoadCSV 30 1 469 101711872
LoadCSV 30 1 380 104857600
LoadCSV 30 1 107 73400320
LoadCSV 30 1 385 77594624
PreprocessCSV 5 1 399 56623104
ValidateLoadDB 5 1 184 104857600
PreprocessCSV 5 2 37 37748736 400 79691776
ValidateLoadDB 5 1 184 104857600
LoadCSV 30 1 328 76546048
ValidateLoadDB 5 1 184 104857600
LoadCSV 30 1 396 56623104
LoadCSV 30 1 398 79691776
PreprocessCSV 5 5 198 2097152 406 68157440 412 23068672 415 60817408 420 16777216
LoadCSV 30 1 373 8388608
LoadCSV 30 1 274 71303168
ValidateLoadDB 5 1 184 104857600
PreprocessCSV 5 3 413 25165824 416 58720256 421 85983232
LoadCSV 30 1 404 68157440
PreprocessCSV 5 1 191 10485760
ValidateLoadDB 5 1 184 104857600
PreprocessCSV 5 2 95 36700160 110 97517568
LoadCSV 30 1 387 24117248
LoadCSV 30 1 469 57671680
LoadCSV 30 1 404 23068672
LoadCSV 30 1 408 25165824
LoadCSV 30 1 353 17825792
LoadCSV 30 1 404 60817408
LoadCSV 30 1 408 58720256
LoadCSV 30 1 107 62914560
ValidateLoadDB 5 1 184 104857600
LoadCSV 30 1 312 6291456
LoadCSV 30 1 404 16777216
LoadCSV 30 1 408 85983232
LoadCSV 30 1 113 71303168
LoadCSV 30 1 3 30408704
PreprocessCSV 5 3 346 1048576 431 63963136 436 23068672
ValidateLoadDB 5 1 184 104857600
ValidateLoadDB 5 1 184 104857600
PreprocessCSV 5 5 15 65011712 61 52428800 307 55574528 462 27262976 485 39845888
LoadCSV 30 1 113 69206016
PreprocessCSV 5 3 374 8388608 381 91226112 386 34603008
PreprocessCSV 5 3 437 30408704 443 12582912 445 25165824
LoadCSV 30 1 426 63963136
LoadCSV 30 1 469 96468992
ValidateLoadDB 5 1 184 104857600
LoadCSV 30 1 326 74448896
LoadCSV 30 1 194 62914560
LoadCSV 30 1 426 23068672
LoadCSV 30 1 433 30408704
PreprocessCSV 5 3 211 71303168 379 62914560 450 90177536
LoadCSV 30 1 276 12582912
LoadCSV 30 1 394 41943040
ValidateLoadDB 5 1 184 104857600
ValidateLoadDB 5 1 184 104857600
LoadCSV 30 1 433 12582912
PreprocessCSV 5 3 258 4194304 448 47185920 456 6291456
LoadCSV 30 1 433 25165824
PreprocessCSV 5 4 286 63963136 451 30408704 461 103809024 464 53477376
LoadCSV 30 1 194 10485760
LoadCSV 30 1 425 47185920
ValidateLoadDB 5 1 184 104857600
LoadCSV 30 1 190 90177536
LoadCSV 30 1 449 30408704
ValidateLoadDB 5 1 184 104857600
LoadCSV 30 1 469 35651584
PreprocessCSV 5 3 186 71303168 333 32505856 466 5242880
LoadCSV 30 1 310 101711872
LoadCSV 30 1 425 6291456
LoadCSV 30 1 201 100663296
ValidateLoadDB 5 1 184 104857600
PreprocessCSV 5 5 357 9437184 455 101711872 472 47185920 476 37748736 479 33554432
LoadCSV 30 1 349 20971520
LoadCSV 30 1 449 103809024
LoadCSV 30 1 441 27262976
PreprocessCSV 5 2 67 40894464 124 10485760
LoadCSV 30 1 449 53477376
PreprocessCSV 5 5 389 101711872 411 57671680 432 96468992 453 35651584 478 57671680
LoadCSV 30 1 458 5242880
ValidateLoadDB 5 1 184 104857600
LoadCSV 30 1 149 12582912
ValidateLoadDB 5 1 184 104857600
PreprocessCSV 5 2 477 11534336 480 81788928
LoadCSV 30 1 362 34603008
LoadCSV 30 1 310 47185920
ValidateLoadDB 5 1 184 104857600
PreprocessCSV 5 3 203 66060288 281 39845888 439 12582912
LoadCSV 30 1 378 73400320
LoadCSV 30 1 310 37748736
LoadCSV 30 1 473 11534336
LoadCSV 30 1 469 57671680
LoadCSV 30 1 310 33554432
LoadCSV 30 1 473 81788928
PreprocessCSV 5 1 487 17825792
PreprocessCSV 5 1 488 6291456
PreprocessCSV 5 2 103 103809024 343 11534336
ValidateLoadDB 5 1 184 104857600
LoadCSV 30 1 441 39845888
ValidateLoadDB 5 1 184 104857600
LoadCSV 30 1 484 17825792
LoadCSV 30 1 486 6291456
