80 0.9 22140
UpdateProductionDB 3600 0
MergeDB 10800 1 55 2199023255552
MergeDB 10800 1 55 2199023255552
MergeDB 10800 1 55 2199023255552
MergeDB 10800 1 55 2199023255552
MergeDB 10800 1 55 2199023255552
MergeDB 10800 1 55 2199023255552
MergeDB 10800 1 55 2199023255552
MergeDB 10800 1 55 2199023255552
MergeDB 10800 1 55 2199023255552
MergeDB 10800 1 55 2199023255552
MergeDB 10800 1 55 2199023255552
MergeDB 10800 1 55 2199023255552
MergeDB 10800 1 55 2199023255552
MergeDB 10800 1 55 2199023255552
MergeDB 10800 1 55 2199023255552
MergeDB 10800 1 55 2199023255552
MergeDB 10800 1 55 2199023255552
MergeDB 10800 1 55 2199023255552
MergeDB 10800 1 55 2199023255552
MergeDB 10800 1 55 2199023255552
MergeDB 10800 1 55 2199023255552
MergeDB 10800 1 55 2199023255552
MergeDB 10800 1 55 2199023255552
MergeDB 10800 1 55 2199023255552
MergeDB 10800 1 55 2199023255552
MergeDB 10800 1 55 2199023255552
MergeDB 10800 1 55 2199023255552
MergeDB 10800 1 55 2199023255552
MergeDB 10800 1 55 2199023255552
MergeDB 10800 1 55 2199023255552
MergeDB 10800 1 55 2199023255552
MergeDB 10800 1 55 2199023255552
MergeDB 10800 1 55 2199023255552
MergeDB 10800 1 55 2199023255552
MergeDB 10800 1 55 2199023255552
MergeDB 10800 1 55 2199023255552
MergeDB 10800 1 55 2199023255552
MergeDB 10800 1 55 2199023255552
MergeDB 10800 1 55 2199023255552
MergeDB 10800 1 55 2199023255552
ColdDB/LoadDB/Preprocess 300 77 1 104857600 2 104857600 3 104857600 4 104857600 5 104857600 6 104857600 7 104857600 8 104857600 9 104857600 10 104857600 11 104857600 12 104857600 13 104857600 14 104857600 15 104857600 16 104857600 17 104857600 18 104857600 19 104857600 20 104857600 21 104857600 22 104857600 23 104857600 24 104857600 25 104857600 26 104857600 27 104857600 28 104857600 29 104857600 30 104857600 31 104857600 32 104857600 33 104857600 34 104857600 35 104857600 36 104857600 37 104857600 38 104857600 39 104857600 40 104857600 42 104857600 43 104857600 44 104857600 45 104857600 46 104857600 47 104857600 48 104857600 49 104857600 50 104857600 51 104857600 52 104857600 53 104857600 54 104857600 56 104857600 57 104857600 58 104857600 59 104857600 60 104857600 61 104857600 62 104857600 63 104857600 64 104857600 65 104857600 66 104857600 67 104857600 68 104857600 69 104857600 70 104857600 71 104857600 72 104857600 73 104857600 74 104857600 75 104857600 76 104857600 77 104857600 78 104857600 79 104857600
MergeDB 10800 1 55 2199023255552
MergeDB 10800 1 55 2199023255552
MergeDB 10800 1 55 2199023255552
MergeDB 10800 1 55 2199023255552
MergeDB 10800 1 55 2199023255552
MergeDB 10800 1 55 2199023255552
MergeDB 10800 1 55 2199023255552
MergeDB 10800 1 55 2199023255552
MergeDB 10800 1 55 2199023255552
MergeDB 10800 1 55 2199023255552
MergeDB 10800 1 55 2199023255552
MergeDB 10800 1 55 2199023255552
MergeDB 10800 1 55 2199023255552
ValidateMerge 60 1 0 2232008604385
MergeDB 10800 1 55 2199023255552
MergeDB 10800 1 55 2199023255552
MergeDB 10800 1 55 2199023255552
MergeDB 10800 1 55 2199023255552
MergeDB 10800 1 55 2199023255552
MergeDB 10800 1 55 2199023255552
MergeDB 10800 1 55 2199023255552
MergeDB 10800 1 55 2199023255552
MergeDB 10800 1 55 2199023255552
MergeDB 10800 1 55 2199023255552
MergeDB 10800 1 55 2199023255552
MergeDB 10800 1 55 2199023255552
MergeDB 10800 1 55 2199023255552
MergeDB 10800 1 55 2199023255552
MergeDB 10800 1 55 2199023255552
MergeDB 10800 1 55 2199023255552
MergeDB 10800 1 55 2199023255552
MergeDB 10800 1 55 2199023255552
MergeDB 10800 1 55 2199023255552
MergeDB 10800 1 55 2199023255552
MergeDB 10800 1 55 2199023255552
MergeDB 10800 1 55 2199023255552
MergeDB 10800 1 55 2199023255552
MergeDB 10800 1 55 2199023255552
