29 0.9 6613.384950000001
Patser_concate 0.1013 1 28 1547428
Patser 1.5945 1 0 92459
Patser 1.5918 1 0 102046
Patser 1.3728 1 0 85455
Patser 0.8141 1 0 133873
Patser 0.7926 1 0 114759
Patser 1.084 1 0 52480
Patser 1.5851 1 0 84147
Patser 1.0947 1 0 136065
Patser 1.5533 1 0 91635
Patser 1.2139 1 0 47320
Patser 0.9944 1 0 59989
Patser 1.0719 1 0 97506
Patser 1.7013 1 0 134627
Patser 0.8422 1 0 66647
Patser 0.9736 1 0 60195
Patser 1.0472 1 0 86934
Patser 1.0868 1 0 101291
Findterm 981.0277 1 22 5085386
RNAMotif 47.5168 1 22 310
Transterm 44.4697 1 22 96
Blast 2449.0798 1 22 3161535
SRNA 491.2338 6 23 81750 24 84837 25 86027 26 88504 27 90141 28 321881
FFN_Parse 1.5545 1 26 962579
Blast_candidate 5.9904 1 28 544
Blast_QRNA 1466.4305 1 28 174803
Blast_synteny 33 1 28 1198165
Blast_paralogues 3.4618 1 28 364682
SRNA_annotate 2.1792 0
