97 0.9 6712.4529
Patser_concate 0.0593 1 30 1
Patser 1.277 1 0 81221
Patser 1.3077 1 0 66854
Patser 1.1404 1 0 121884
Patser 1.5321 1 0 109575
Patser 0.9449 1 0 64225
Patser 1.4069 1 0 72304
Patser 1.2235 1 0 118367
Patser 0.976 1 0 55487
Patser 0.8781 1 0 127541
Patser 1.3846 1 0 108555
Patser 0.9679 1 0 58006
Patser 1.8134 1 0 96496
Patser 1.5914 1 0 117336
Patser 1.1709 1 0 127990
Patser 1.0411 1 0 126931
Patser 1.8115 1 0 57884
Patser 1.2349 1 0 59068
Patser 0.897 1 0 118617
Patser 1.3905 1 0 70733
Findterm 1854.7951 1 24 1
RNAMotif 38.8041 1 24 1
Transterm 49.9864 1 24 1
Blast 1956.0691 1 24 1
SRNA 454.4583 6 25 1 26 1 27 1 28 1 29 1 30 1
FFN_Parse 1.4998 1 28 1
Blast_candidate 5.9623 1 30 1
Blast_QRNA 1252.3269 1 30 1
Blast_synteny 33 1 30 1
Blast_paralogues 5.697 1 30 1
SRNA_annotate 1.2492 0
Patser_concate 0.0683 1 61 1
Patser 1.6217 1 31 81480
Patser 1.2996 1 31 91353
Patser 1.0208 1 31 128057
Patser 1.1893 1 31 106238
Patser 1.4297 1 31 136548
Patser 1.5486 1 31 93817
Patser 1.2723 1 31 112253
Patser 1.3049 1 31 133764
Patser 1.28 1 31 108128
Patser 1.2845 1 31 48608
Patser 1.3355 1 31 133965
Patser 1.2456 1 31 92954
Patser 1.6055 1 31 87630
Patser 1.4827 1 31 87630
Patser 1.2807 1 31 49622
Patser 1.346 1 31 96642
Patser 1.4413 1 31 66435
Patser 1.3476 1 31 125999
Patser 1.3991 1 31 113219
Findterm 1454.5924 1 55 1
RNAMotif 33.907 1 55 1
Transterm 62.0108 1 55 1
Blast 2801.1641 1 55 1
SRNA 354.5656 6 56 1 57 1 58 1 59 1 60 1 61 1
FFN_Parse 1.2725 1 59 1
Blast_candidate 5.2745 1 61 1
Blast_QRNA 1317.7791 1 61 1
Blast_synteny 33 1 61 1
Blast_paralogues 2.7165 1 61 1
SRNA_annotate 1.4598 0
Patser_concate 0.1062 3 30 1759074 61 1894342 96 1884946
Patser 1.398 1 62 67689
Patser 0.9796 1 62 84577
Patser 1.2127 1 62 110236
Patser 1.4891 1 62 63123
Patser 1.0685 1 62 84641
Patser 1.5288 1 62 72771
Patser 1.1773 1 62 99164
Patser 1.4954 1 62 65579
Patser 1.5671 1 62 118213
Patser 1.2524 1 62 50637
Patser 1.2844 1 62 94252
Patser 1.4293 1 62 128217
Patser 1.5119 1 62 94458
Patser 1.4849 1 62 94562
Patser 0.7694 1 62 95178
Patser 0.9705 1 62 112916
Patser 0.9053 1 62 67357
Patser 1.3012 1 62 73688
Patser 0.9364 1 62 80270
Patser 1.5004 1 62 46313
Patser 0.7467 1 62 67243
Patser 0.9178 1 62 50867
Patser 1.221 1 62 62995
Findterm 1419.867 3 24 7128312 55 6241208 90 6462275
RNAMotif 23.8404 3 24 310 55 310 90 310
Transterm 54.8072 3 24 96 55 95 90 97
Blast 2180.2799 3 24 4744921 55 5772544 90 5239533
SRNA 523.1233 18 25 81659 26 81274 27 84508 28 88856 29 82098 30 339787 56 88409 57 85260 58 82206 59 81665 60 84825 61 339982 91 78606 92 86787 93 84353 94 83647 95 82339 96 327215
FFN_Parse 1.7182 3 28 911718 59 701519 94 633122
Blast_candidate 4.1919 3 30 545 61 543 96 544
Blast_QRNA 1333.7564 3 30 170221 61 180318 96 181372
Blast_synteny 33 3 30 1105559 61 984828 96 610721
Blast_paralogues 3.8975 3 30 985981 61 785271 96 624253
SRNA_annotate 1.5533 0
