58 0.9 6959.58405
Patser_concate 0.0936 1 27 1
Patser 1.1542 1 0 134073
Patser 1.0463 1 0 133036
Patser 1.7346 1 0 90295
Patser 1.1928 1 0 86740
Patser 1.1892 1 0 130110
Patser 1.4828 1 0 68668
Patser 0.8304 1 0 96980
Patser 1.1605 1 0 83901
Patser 1.2886 1 0 94439
Patser 1.2721 1 0 84604
Patser 1.6749 1 0 57387
Patser 1.114 1 0 94089
Patser 1.0822 1 0 81284
Patser 1.2907 1 0 98631
Patser 1.5323 1 0 125224
Patser 1.3743 1 0 93281
Findterm 1263.0277 1 21 1
RNAMotif 39.4019 1 21 1
Transterm 44.7151 1 21 1
Blast 3027.6446 1 21 1
SRNA 301.6182 6 22 1 23 1 24 1 25 1 26 1 27 1
FFN_Parse 1.4151 1 25 1
Blast_candidate 4.9978 1 27 1
Blast_QRNA 1308.5071 1 27 1
Blast_synteny 33 1 27 1
Blast_paralogues 6.1399 1 27 1
SRNA_annotate 1.9528 0
Patser_concate 0.0611 2 27 1552742 57 1727898
Patser 1.0184 1 28 136742
Patser 1.4262 1 28 135262
Patser 1.248 1 28 112731
Patser 1.5228 1 28 52280
Patser 1.5227 1 28 136816
Patser 0.7089 1 28 56435
Patser 1.2302 1 28 51273
Patser 1.7966 1 28 135828
Patser 1.7118 1 28 63438
Patser 1.7762 1 28 62841
Patser 1.0754 1 28 54943
Patser 1.6234 1 28 125085
Patser 1.3086 1 28 123538
Patser 0.7406 1 28 72884
Patser 1.1537 1 28 121590
Patser 1.055 1 28 101591
Patser 1.387 1 28 94060
Patser 1.457 1 28 90561
Findterm 1809.2612 2 21 3758805 51 5137423
RNAMotif 24.3132 2 21 310 51 310
Transterm 32.6174 2 21 96 51 96
Blast 2064.7487 2 21 2808969 51 4432263
SRNA 204.8323 12 22 87292 23 82737 24 87713 25 86161 26 84236 27 349887 52 78953 53 80119 54 87439 55 82807 56 78395 57 369624
FFN_Parse 1.1505 2 25 687097 55 771033
Blast_candidate 5.1551 2 27 544 57 544
Blast_QRNA 1408.9124 2 27 175181 57 191764
Blast_synteny 33 2 27 668696 57 1071613
Blast_paralogues 6.1832 2 27 421281 57 619046
SRNA_annotate 1.9839 0
